Cancer_status,BRCA_status,Family_history_2,SNP2,SNP7,SNP13,SNP20,SNP24,SNP25,SNP32,SNP36,SNP41,SNP55,SNP58,SNP68,SNP81,SNP87,SNP92,SNP93
0,0,0,0,0,1,0,0,1,0,0,1,1,0,0,0,0,0,0
0,0,0,0,1,0,1,0,0,1,1,0,0,1,1,0,0,0,0
0,0,0,1,0,0,1,1,1,1,0,1,0,1,0,0,0,1,1
1,0,0,0,0,0,0,0,0,0,1,0,1,0,0,0,1,0,0
1,0,0,0,0,0,0,0,1,1,0,0,1,1,0,0,0,0,0
1,0,0,0,0,1,0,1,0,0,0,0,1,0,0,1,0,1,0
1,1,1,1,0,0,0,0,0,1,1,1,0,0,0,0,0,1,0
0,0,0,0,0,0,1,1,1,1,0,1,0,0,1,0,0,0,0
1,0,0,1,0,1,0,0,1,1,0,0,0,0,0,0,0,0,1
1,0,0,0,1,0,0,1,0,0,0,0,0,0,1,0,0,0,0
1,0,0,1,1,0,0,0,0,0,1,0,0,1,0,1,1,0,1
1,0,0,0,1,1,0,0,0,0,1,0,0,0,0,0,1,0,0
0,0,0,0,0,1,0,0,0,1,1,1,0,0,0,0,0,0,0
1,0,0,0,1,0,0,0,0,1,0,0,1,0,0,0,0,0,1
0,0,0,1,1,1,1,0,0,0,0,0,0,0,0,0,1,0,1
1,0,0,0,0,0,0,0,1,0,1,0,0,1,0,0,0,0,0
0,0,0,0,0,0,0,1,0,0,1,0,0,0,1,0,0,0,0
0,0,0,1,0,0,0,1,0,1,1,1,0,0,1,0,1,1,0
1,0,0,0,1,0,0,0,0,1,0,1,1,0,1,1,1,0,0
1,1,0,0,0,1,0,1,1,0,0,0,0,1,0,0,1,1,1
0,0,0,0,0,0,0,0,0,0,1,0,0,0,1,0,1,0,0
0,0,0,1,0,1,0,1,1,0,1,0,0,0,0,1,0,0,1
1,0,0,0,1,0,0,1,1,1,0,0,1,0,0,1,0,0,1
1,0,0,0,1,0,0,0,1,0,1,0,0,0,1,0,0,0,0
0,0,0,0,1,0,0,1,0,0,1,1,0,0,1,0,0,1,1
1,1,0,0,0,0,1,1,0,0,0,1,1,1,0,1,0,1,0
0,0,0,0,1,0,0,0,0,0,0,0,0,0,0,0,0,1,0
0,0,0,0,1,0,0,1,0,0,0,0,1,1,0,1,0,1,0
1,1,0,1,1,1,0,1,0,0,0,1,1,1,1,1,0,0,0
0,0,0,0,1,0,0,1,1,0,1,0,0,0,1,0,1,0,1
1,1,0,0,1,1,0,1,1,0,1,0,0,0,0,0,0,1,1
1,1,0,0,1,0,1,0,0,0,0,0,0,1,0,1,1,0,0
1,0,0,1,0,1,0,1,0,0,0,0,1,1,0,1,0,0,0
0,0,0,1,0,1,0,1,1,1,0,1,1,0,0,0,1,1,1
0,0,0,0,1,0,0,0,0,1,0,0,0,1,1,0,0,0,0
1,0,0,0,1,0,0,0,0,0,0,0,0,1,1,0,0,0,0
0,0,0,1,0,1,0,0,0,0,1,0,0,0,1,0,0,0,1
1,1,0,1,0,0,0,1,0,1,0,1,0,0,1,0,1,1,1
0,0,0,1,0,0,0,0,1,0,0,1,0,1,1,1,1,0,0
1,0,0,1,0,1,0,0,0,0,0,1,0,1,1,1,0,0,0
1,0,0,1,0,0,0,1,0,0,0,0,1,0,0,0,0,0,1
0,0,0,1,0,1,1,0,0,0,0,1,0,0,0,1,1,0,0
0,0,0,0,1,0,0,0,0,0,1,0,0,0,0,0,1,0,0
0,0,0,0,0,0,0,0,0,0,0,0,1,1,1,0,0,0,0
1,0,0,1,0,0,1,1,1,1,1,0,0,0,1,0,0,0,0
0,0,0,0,1,0,0,0,1,1,0,1,0,1,0,0,0,0,1
1,0,0,0,0,0,0,0,0,0,1,0,0,1,0,0,1,1,0
1,1,0,0,0,0,1,1,1,1,0,0,0,0,0,1,1,0,0
1,0,0,0,1,1,1,0,0,1,0,0,1,0,0,1,0,0,0
1,0,0,1,0,0,1,0,0,0,1,0,0,0,0,1,0,1,1
1,0,0,0,1,1,1,1,0,0,0,1,0,0,1,0,1,0,0
1,0,0,0,0,0,0,0,0,0,0,0,0,0,0,0,1,0,0
1,0,0,0,0,1,1,1,1,1,1,0,0,1,1,1,1,1,0
0,0,0,0,0,0,0,0,0,0,0,0,0,1,1,0,1,1,0
1,0,0,1,1,0,0,1,0,0,1,0,1,1,0,0,0,0,0
0,0,0,0,0,0,0,0,0,0,1,0,1,1,0,1,1,0,0
1,0,0,0,1,1,1,0,0,0,0,0,0,0,0,0,0,0,0
0,0,0,0,0,0,0,0,1,0,0,0,0,1,1,0,0,0,1
1,0,0,0,0,0,1,0,0,0,1,1,1,0,1,1,1,0,0
1,1,0,0,0,1,1,0,1,0,0,0,0,0,0,0,0,1,1
0,0,0,0,0,1,1,1,0,1,1,0,1,0,0,1,0,0,0
1,1,0,1,0,0,0,0,0,1,1,0,0,1,1,0,0,0,0
0,0,0,0,0,0,0,1,1,0,0,0,0,0,1,0,1,0,0
1,0,0,0,1,0,0,1,0,0,0,0,0,0,0,0,1,0,0
1,0,0,0,0,0,1,0,0,1,0,1,0,0,0,1,1,0,1
0,0,0,0,0,1,1,0,0,0,0,1,0,1,1,0,0,1,0
0,0,0,0,0,0,1,0,1,0,1,0,1,1,1,0,1,0,0
1,1,0,0,0,0,1,1,1,0,0,0,1,0,1,0,0,0,1
1,0,0,0,0,1,0,0,0,0,1,1,0,1,0,0,1,1,1
0,0,0,0,1,0,0,1,0,0,1,0,1,0,0,0,1,0,0
1,0,0,1,0,1,0,0,0,1,1,1,0,0,0,1,0,0,1
1,0,0,1,0,1,1,0,1,0,1,0,0,0,0,1,1,0,0
0,0,0,1,0,1,0,0,1,0,0,0,1,0,0,0,1,1,0
1,0,0,0,0,0,0,1,1,1,0,1,1,0,1,1,1,0,1
1,0,0,0,0,1,0,0,0,1,0,0,0,0,0,0,0,0,1
0,0,0,0,0,1,0,1,0,1,1,0,1,0,0,0,1,0,1
0,0,0,0,0,1,0,0,1,0,0,0,1,0,0,0,0,0,1
1,1,0,0,0,0,0,1,0,0,0,1,0,0,1,0,0,0,0
0,0,0,1,0,1,0,1,0,0,0,0,0,1,1,0,0,0,0
0,0,0,1,0,0,0,1,0,1,0,0,0,0,1,0,0,0,0
1,0,0,0,1,0,0,1,0,0,0,1,0,0,0,0,0,0,0
1,0,0,1,1,0,0,0,0,1,1,0,0,0,0,0,1,1,0
1,0,0,0,1,1,0,0,0,0,0,1,0,0,0,1,0,0,0
0,0,0,0,0,0,1,0,0,1,0,1,0,1,0,0,0,0,0
0,0,0,0,0,0,0,0,0,0,1,1,0,0,0,0,1,0,1
1,0,0,0,0,0,0,1,0,0,1,0,0,0,0,0,0,0,0
1,0,0,0,0,1,0,0,0,0,0,0,0,1,0,1,0,0,0
1,1,0,0,0,0,1,1,0,1,0,1,1,0,0,1,1,1,1
0,0,0,0,0,1,0,0,1,0,1,1,1,0,1,0,0,1,0
0,0,0,0,0,0,1,0,0,1,1,0,0,0,0,1,0,0,1
0,0,0,1,0,1,1,0,0,0,1,0,0,1,0,0,0,0,1
0,0,0,1,1,0,0,0,1,0,1,0,0,0,0,0,0,0,0
0,0,0,0,1,1,0,1,0,0,0,0,1,1,0,1,1,0,1
1,1,0,0,1,0,1,1,0,1,1,1,0,0,0,0,1,0,0
1,1,0,0,1,0,1,1,1,0,0,0,0,0,0,1,0,1,0
1,0,0,0,0,0,0,0,0,0,0,0,0,0,0,1,0,0,1
1,0,0,0,0,0,1,0,0,0,0,0,1,0,1,1,0,1,1
0,0,0,0,0,0,0,0,0,0,1,1,1,0,0,0,1,0,0
0,0,0,0,0,0,1,1,0,1,0,0,0,0,1,0,0,0,0
1,0,0,1,0,0,0,1,0,0,0,0,0,0,0,1,0,1,0
1,0,0,0,0,0,0,1,1,0,0,0,0,0,0,0,1,1,0
0,0,0,1,0,1,0,0,0,0,0,0,0,0,1,0,0,1,1
1,0,0,0,0,1,0,1,1,0,0,0,0,0,0,0,1,1,0
1,0,0,1,0,1,0,0,0,0,1,0,1,0,1,1,1,0,0
0,0,0,0,0,1,1,0,0,0,0,0,1,1,1,1,1,0,0
0,0,0,1,1,1,1,0,0,1,0,1,0,1,1,0,0,0,0
0,0,0,0,0,0,1,0,1,0,1,0,0,1,1,1,1,0,0
1,0,0,0,1,1,0,0,0,1,1,0,1,0,0,0,0,1,0
0,0,0,1,0,0,0,0,0,0,1,1,0,0,0,0,0,1,1
0,0,0,0,1,0,0,0,0,0,1,1,0,0,0,0,1,0,0
0,0,0,0,1,0,1,1,0,0,1,0,1,0,0,0,1,0,0
1,1,0,0,0,1,0,1,1,0,1,0,0,0,0,0,0,0,0
1,0,0,0,0,0,1,0,0,0,0,1,0,0,0,1,0,0,0
0,0,0,0,0,0,1,1,1,0,0,0,0,0,0,0,0,0,0
1,0,0,0,0,0,0,0,0,1,0,1,0,0,0,1,1,1,0
1,0,0,0,0,1,0,0,0,1,0,0,0,1,0,1,1,0,0
1,0,0,0,0,1,1,0,0,1,0,0,0,1,0,1,0,0,0
1,0,0,0,1,0,1,0,0,0,0,1,0,0,1,1,1,0,0
1,1,1,0,0,1,0,0,1,0,0,1,1,1,1,0,1,1,0
0,0,0,1,0,0,1,1,0,0,0,1,0,0,0,1,0,0,0
0,0,0,0,0,1,1,1,0,1,1,0,0,1,0,0,0,0,1
0,0,0,0,0,0,1,0,0,1,0,0,0,0,1,1,1,1,0
1,0,0,0,0,0,0,0,0,0,1,1,0,0,1,0,0,1,0
0,0,0,0,0,1,0,0,0,0,1,0,0,0,0,0,1,0,0
1,1,0,0,0,0,0,0,1,1,0,0,1,0,0,0,1,0,1
0,0,0,0,0,0,1,1,0,1,1,1,0,0,1,0,0,0,0
1,1,0,1,1,1,1,1,1,0,0,1,0,1,1,1,0,0,1
0,0,0,1,1,0,1,0,0,0,1,1,0,1,0,0,0,1,1
0,0,0,0,0,0,0,0,1,0,0,1,0,0,0,0,1,1,1
1,1,0,0,1,0,0,0,0,1,0,0,1,0,1,0,1,1,1
1,0,0,1,1,0,1,0,0,0,1,0,0,1,1,0,0,0,0
0,0,0,1,0,0,0,1,1,1,0,0,0,1,0,0,0,0,1
1,1,0,0,0,1,0,0,0,0,1,1,1,0,0,1,0,1,1
0,0,0,0,0,1,0,0,0,0,0,0,0,1,1,0,0,1,0
0,0,0,0,1,0,0,0,1,0,0,0,0,1,0,0,0,0,0
0,0,0,1,0,0,0,1,1,1,0,0,0,0,1,0,0,1,0
0,0,0,0,1,0,0,0,0,1,0,0,1,0,0,0,1,0,1
0,0,0,0,0,1,1,0,0,0,0,0,1,0,0,1,0,1,0
0,0,0,0,0,0,0,0,1,1,0,0,0,1,1,0,0,0,0
1,0,0,1,0,0,0,0,0,0,1,0,0,1,1,0,1,1,0
0,0,0,0,0,1,1,0,0,0,0,1,1,0,0,0,0,0,1
0,0,0,0,1,0,0,0,1,1,0,0,0,1,0,0,0,0,0
0,0,0,0,1,1,1,0,1,0,1,0,1,0,0,0,1,0,0
1,0,0,0,1,0,1,0,0,1,0,1,0,0,0,1,0,0,0
1,1,0,1,1,0,0,1,1,0,0,1,0,0,1,0,0,1,0
0,0,0,0,0,1,0,0,1,0,1,0,0,0,1,0,0,0,0
0,0,0,1,1,0,0,0,1,0,0,1,0,0,1,0,0,0,0
0,0,0,1,0,0,0,0,1,1,1,0,0,0,0,0,1,1,1
1,0,0,0,0,0,0,0,1,0,0,0,1,0,0,0,0,0,1
0,0,0,0,1,0,0,0,1,1,0,1,1,1,1,0,0,1,0
1,0,0,0,1,0,1,0,1,0,0,0,0,0,1,1,1,0,0
1,0,1,0,0,0,0,0,1,0,0,1,1,1,1,0,1,1,0
0,0,0,0,0,0,0,0,1,0,0,0,0,1,0,0,0,0,0
1,0,0,0,0,0,1,0,0,1,0,0,1,1,0,0,0,0,1
0,0,0,1,0,1,0,1,0,1,0,0,0,0,1,0,1,0,1
1,0,0,1,0,1,1,0,0,0,0,0,0,1,1,0,0,1,0
0,0,0,0,0,0,0,0,1,1,0,0,1,0,1,0,0,0,1
1,0,0,0,1,0,1,0,1,0,0,0,1,0,1,0,1,0,0
1,0,0,1,0,0,1,0,1,0,0,1,1,0,1,0,0,1,0
0,0,0,1,0,0,0,0,0,0,0,1,0,0,0,0,0,0,0
0,0,0,1,1,0,0,0,1,0,1,1,0,0,1,0,1,1,0
0,0,0,1,0,0,1,0,1,1,0,0,0,0,0,1,1,0,0
1,1,0,0,1,1,0,0,1,1,0,1,1,1,0,0,0,1,0
0,0,0,0,0,0,0,1,0,0,1,1,0,0,0,0,0,1,0
0,0,0,1,0,0,0,0,1,0,0,0,1,0,0,0,0,0,1
1,1,0,0,0,1,0,0,1,0,1,1,0,1,1,0,0,0,1
0,0,0,1,0,1,0,0,1,0,0,1,0,0,0,0,1,0,0
0,0,0,0,1,1,0,0,0,0,1,0,1,0,1,1,0,0,1
1,0,0,0,0,0,1,1,0,0,1,0,0,0,0,0,0,0,0
0,0,0,0,1,1,0,1,0,0,0,0,0,1,1,1,0,1,1
1,0,0,0,1,0,0,1,0,0,1,0,0,0,1,1,1,0,1
0,0,0,0,1,1,0,0,0,0,0,0,1,0,0,0,0,0,1
0,0,0,1,1,0,0,0,0,0,0,0,1,1,1,1,0,1,1
1,0,1,1,0,1,0,1,0,1,0,0,1,1,1,0,1,1,1
1,1,0,0,1,1,0,1,0,0,0,0,0,1,1,1,0,0,0
1,1,0,0,1,0,0,0,0,0,1,1,1,0,1,0,1,1,0
0,0,0,0,0,1,0,0,0,1,0,0,0,0,1,1,1,0,0
1,1,0,0,1,1,0,1,1,1,1,0,0,1,0,0,0,1,1
1,0,0,1,0,0,1,1,0,0,1,0,1,0,0,0,0,1,1
0,0,0,1,0,0,0,1,0,1,1,0,0,0,0,0,1,0,1
1,1,0,0,0,0,1,0,0,1,0,0,0,0,0,0,0,1,0
0,0,0,0,1,0,1,0,0,0,0,1,0,1,0,0,0,0,0
1,0,0,0,0,1,0,0,1,0,0,0,0,1,0,1,0,0,0
0,0,0,0,0,0,1,1,0,0,0,1,0,1,0,1,0,0,0
1,0,1,0,0,0,0,0,1,1,0,0,0,0,1,0,0,0,1
0,0,0,0,0,1,0,0,1,1,0,0,0,1,1,1,0,0,1
1,0,0,1,0,0,0,0,0,0,0,0,1,0,0,1,1,1,0
0,0,0,0,1,1,0,1,1,1,1,0,1,1,0,0,0,0,1
1,0,0,0,0,1,1,0,0,0,0,0,1,0,1,0,1,0,0
0,0,0,0,1,1,0,0,0,0,0,0,0,1,0,0,1,0,0
1,0,0,1,0,0,0,0,0,1,1,0,0,1,1,0,0,1,0
1,0,0,1,0,0,0,0,0,1,0,0,0,0,0,0,1,0,0
1,1,0,1,1,0,1,0,1,0,1,1,0,0,1,0,0,1,0
0,0,0,0,0,1,1,1,0,1,0,0,0,0,1,1,0,0,0
1,0,0,0,0,1,0,0,0,0,1,1,1,0,1,0,0,1,0
1,0,0,1,0,0,0,1,0,0,0,0,0,1,1,0,0,0,0
0,0,0,1,1,0,0,0,0,0,1,0,0,0,0,0,0,0,0
0,0,0,0,0,0,0,0,0,1,1,1,1,0,0,1,1,1,0
0,0,0,0,0,0,0,0,1,0,1,0,0,1,0,0,1,1,0
0,0,0,0,0,0,0,1,0,1,0,0,0,0,0,0,0,0,0
0,0,0,0,1,0,0,1,0,1,0,1,0,1,1,0,1,1,0
1,0,0,0,1,0,0,1,0,0,0,0,0,1,0,1,0,0,0
1,0,0,0,0,1,1,0,0,1,0,0,0,1,0,1,1,1,0
0,0,0,0,1,1,0,0,1,0,0,0,0,1,0,1,1,0,0
1,1,0,0,0,1,1,0,1,0,1,0,0,0,0,0,0,1,1
0,0,0,0,1,0,0,0,0,0,0,1,0,1,0,0,1,0,1
1,1,0,0,1,1,1,0,0,0,0,1,0,0,1,0,0,0,1
0,0,0,0,0,0,1,0,0,0,1,0,0,0,1,0,1,0,1
1,0,0,1,0,0,0,0,0,1,0,1,0,1,0,0,0,0,1
1,1,0,0,1,0,0,1,1,1,0,0,0,0,1,1,0,0,0
1,0,0,0,0,0,0,1,0,1,0,1,1,0,0,0,0,1,1
1,0,0,0,1,0,1,0,1,1,0,0,0,0,1,1,0,0,1
0,0,0,1,0,0,0,0,0,0,1,0,0,0,0,0,1,1,0
1,1,0,1,1,0,0,0,1,1,0,0,0,0,1,1,0,0,0
0,0,0,1,0,0,0,1,0,0,0,0,0,1,0,0,0,0,0
0,0,0,0,0,0,0,1,0,1,1,0,0,0,1,0,1,0,0
0,0,0,0,0,0,1,0,1,0,0,0,0,0,1,0,1,0,0
0,0,0,1,1,1,1,0,1,1,0,0,0,1,1,0,0,0,0
1,0,0,0,0,1,1,0,0,1,0,0,1,0,1,1,1,0,1
0,0,0,0,0,0,1,1,0,1,0,0,0,0,0,0,0,1,0
1,1,0,1,0,0,0,0,1,0,1,1,1,1,0,1,0,0,0
1,1,0,0,1,1,0,0,0,0,1,1,1,0,0,0,1,0,1
1,0,0,0,0,0,0,0,0,0,0,0,0,1,1,1,1,0,0
1,1,0,0,0,1,1,1,0,0,1,1,0,0,0,1,0,0,0
0,0,0,1,0,0,0,1,1,1,0,0,1,0,0,0,1,0,0
1,1,0,0,1,1,0,1,0,0,1,1,0,0,0,1,1,0,1
0,0,0,0,0,1,0,0,1,0,1,0,0,1,0,0,0,0,1
1,0,0,0,0,0,0,1,0,1,0,0,1,0,0,0,1,0,1
1,0,0,0,0,0,0,0,0,0,1,1,0,0,0,1,0,1,0
1,0,0,0,0,1,0,0,1,0,1,0,0,0,0,1,0,0,0
1,0,0,1,1,0,1,0,1,1,1,1,1,0,0,1,1,0,1
1,0,0,1,0,0,1,0,1,0,0,0,0,1,0,1,1,0,0
1,0,0,0,0,0,0,0,1,0,0,0,0,0,1,0,0,1,1
1,0,0,0,1,0,1,0,1,0,0,0,0,1,0,0,0,0,0
1,1,0,0,0,1,1,0,1,1,0,0,1,1,0,1,0,1,0
0,0,0,1,1,0,0,0,0,0,1,0,1,1,0,1,0,1,0
1,0,0,0,0,1,1,1,0,0,1,0,0,0,0,1,0,0,1
1,0,0,0,0,1,0,0,1,1,0,0,1,0,0,1,1,0,0
1,0,1,0,1,1,0,0,0,0,1,0,1,1,1,1,0,0,1
1,1,0,0,1,0,0,0,0,0,0,0,0,0,0,0,1,1,0
1,0,0,0,1,1,0,1,0,0,1,0,0,0,0,0,0,0,0
1,0,0,0,1,1,0,1,0,1,0,0,0,1,1,1,0,0,0
0,0,0,1,0,0,1,0,0,1,1,0,0,0,1,0,0,1,0
1,0,0,1,0,0,0,0,1,0,0,0,1,0,1,0,0,0,1
0,0,0,0,1,1,1,0,0,0,0,1,0,0,0,1,0,1,0
1,0,0,1,0,0,0,0,0,1,1,1,1,1,0,1,0,0,1
1,1,0,1,0,1,1,0,0,0,1,0,0,0,0,1,0,0,0
0,0,0,0,1,0,0,0,0,0,1,0,0,0,0,0,1,1,1
0,0,0,1,0,1,0,0,0,0,1,1,0,1,0,0,0,0,0
1,0,0,1,1,0,1,1,1,0,1,0,1,0,0,1,1,0,0
0,0,0,0,0,0,1,0,0,0,0,1,0,0,0,0,0,1,1
0,0,0,0,0,0,1,1,0,1,1,1,1,0,0,1,1,0,0
0,0,0,0,1,0,1,0,0,0,0,0,1,1,0,1,0,0,0
1,1,0,0,1,0,0,0,0,0,0,1,0,0,1,0,0,0,1
0,0,0,0,1,0,0,0,1,1,0,1,0,0,0,0,0,1,0
0,0,0,1,0,0,0,0,1,1,0,1,1,0,1,0,0,0,0
0,0,0,1,0,0,0,0,0,0,0,1,0,0,1,1,1,1,0
0,0,0,0,1,0,0,0,0,1,0,0,0,1,0,0,1,0,1
1,0,0,0,1,0,0,0,0,0,0,1,0,1,0,0,0,1,1
0,0,0,0,0,1,0,1,1,1,0,0,0,0,0,1,0,0,1
1,0,0,0,1,0,0,0,0,1,1,0,1,0,0,1,1,0,0
0,0,0,0,0,0,0,0,0,1,1,0,1,1,0,1,0,0,0
1,0,0,1,0,1,0,1,0,1,0,1,0,0,0,0,0,0,0
0,0,0,1,0,1,1,0,0,1,0,0,1,1,0,0,1,1,0
0,0,0,1,1,0,0,1,0,1,0,1,1,0,0,0,0,1,1
0,0,0,0,0,0,0,0,1,0,0,0,1,0,1,0,1,1,0
0,0,0,0,0,0,1,0,0,0,0,0,1,0,0,0,0,0,0
0,1,0,1,0,0,0,0,1,0,0,0,1,1,0,0,0,0,0
0,0,0,0,1,0,0,0,1,0,0,0,0,0,0,0,0,0,0
0,0,0,0,1,0,1,1,0,0,1,1,1,1,0,0,1,0,0
1,0,0,0,1,0,0,1,1,0,0,1,0,1,0,1,1,0,0
0,0,0,0,0,1,1,0,0,1,0,1,0,0,0,0,0,0,1
1,0,0,0,0,0,1,0,1,0,0,0,0,0,0,0,0,1,0
1,0,0,1,0,1,1,1,0,0,0,1,1,0,1,1,1,1,0
0,0,0,0,0,0,1,1,1,0,0,1,0,0,1,1,1,1,0
1,0,0,0,0,0,0,0,0,1,0,1,0,1,1,0,0,0,0
0,0,0,1,0,1,1,0,0,0,0,1,0,1,0,0,0,0,0
1,1,0,1,0,0,1,1,0,1,1,0,1,1,0,0,1,0,0
1,0,0,1,0,0,0,1,1,1,0,0,0,0,0,0,0,0,0
1,0,0,0,0,1,1,1,1,1,0,0,0,0,1,0,1,1,0
0,0,1,0,0,0,0,0,1,0,1,1,1,1,0,0,0,0,1
0,0,0,1,0,1,0,0,0,0,0,0,0,0,1,0,0,0,0
0,0,0,0,0,1,0,0,1,1,0,0,0,0,0,1,0,0,1
1,0,0,0,1,1,1,0,0,0,0,0,0,1,0,1,0,0,1
0,0,0,1,0,0,1,0,0,0,1,1,1,1,0,0,0,0,0
1,1,0,1,1,0,0,0,0,0,0,1,0,0,0,0,0,1,0
0,0,0,1,0,1,0,1,1,0,0,1,0,0,1,0,0,0,0
1,1,0,0,1,1,0,0,0,0,0,0,1,1,0,0,0,1,1
0,0,0,0,0,1,0,1,0,1,1,0,0,1,0,0,1,1,0
1,0,0,0,0,0,1,0,1,0,1,0,0,0,0,0,0,0,0
1,0,0,0,0,0,0,0,1,1,1,0,1,0,0,1,0,0,0
1,0,0,1,0,0,0,0,0,0,1,0,0,0,0,0,0,0,1
1,1,1,0,1,0,1,0,1,1,0,1,0,0,0,0,0,1,0
0,0,0,0,0,0,0,1,0,0,0,0,1,1,0,0,1,0,1
0,0,0,1,0,0,0,0,0,1,0,0,0,0,0,0,0,0,0
1,0,1,1,0,0,0,1,0,1,1,1,1,0,0,0,0,1,0
1,1,0,0,0,0,1,1,0,1,0,0,0,0,0,0,1,1,0
0,0,0,0,0,0,0,0,0,1,0,0,1,0,1,0,0,1,0
1,1,0,1,1,0,1,1,1,0,0,0,0,1,0,0,1,0,1
1,0,0,0,1,1,1,0,0,0,0,1,0,0,0,0,0,0,0
1,1,0,1,0,1,0,0,0,1,0,1,0,0,0,0,0,0,1
0,0,0,1,0,0,0,1,0,1,0,1,1,0,0,0,0,1,0
0,0,0,0,0,0,0,1,0,0,0,0,1,0,1,0,0,0,1
1,0,0,1,1,0,0,1,0,0,1,0,1,0,0,1,0,1,1
1,0,1,0,0,0,1,1,1,0,0,1,1,0,0,1,0,1,0
1,0,0,0,1,1,1,1,0,1,0,0,0,0,0,0,0,0,0
1,0,0,0,0,0,0,1,1,0,1,0,0,1,0,0,1,0,1
1,0,1,0,1,0,0,0,0,1,0,0,0,0,0,0,0,1,1
0,0,0,0,1,1,0,0,0,1,0,0,1,0,0,0,0,0,1
1,0,0,1,0,0,0,1,1,1,0,1,0,0,0,1,0,0,1
1,0,0,1,0,1,0,1,1,1,1,0,0,0,1,1,1,0,1
0,0,0,0,0,0,0,0,1,1,1,0,1,0,1,1,1,1,0
0,0,0,0,1,1,1,1,1,0,0,1,0,0,1,1,1,0,1
1,1,0,0,0,0,0,0,0,0,1,0,0,1,1,0,0,0,1
1,0,0,0,0,0,1,0,0,1,0,0,1,0,1,0,1,0,0
1,0,0,0,0,0,0,0,1,0,0,1,1,0,1,0,0,0,1
1,1,0,1,0,1,0,0,1,0,0,1,0,0,1,0,0,1,1
0,0,0,1,0,1,1,0,1,0,0,0,0,0,0,0,1,0,1
1,0,0,1,0,0,0,1,0,0,1,0,0,0,0,0,0,0,1
0,0,0,0,0,0,1,0,0,0,0,0,1,1,0,1,0,0,0
1,1,0,1,1,0,0,1,0,0,0,0,0,0,0,0,0,1,1
0,0,0,0,0,0,0,1,0,1,1,0,0,1,1,1,1,0,0
1,0,0,1,0,1,1,0,0,0,0,1,1,0,0,0,1,1,0
0,0,0,0,0,0,1,0,0,0,0,0,1,0,0,0,1,0,0
1,0,0,0,1,1,1,1,0,1,0,0,0,0,0,0,0,0,0
0,0,0,0,0,0,0,0,0,1,1,1,0,0,0,1,1,0,1
1,0,0,0,1,0,1,0,0,0,0,0,1,1,0,0,0,0,0
1,0,0,1,0,0,1,0,1,1,0,0,1,0,0,0,0,0,0
1,1,0,0,0,0,0,0,1,0,1,0,0,0,0,1,0,1,0
0,0,0,0,1,0,1,1,1,0,0,0,1,1,0,1,0,0,0
0,0,0,0,0,0,0,1,0,0,1,1,0,1,0,0,1,1,1
1,0,0,1,1,1,0,0,0,1,0,0,1,0,0,0,0,0,0
0,0,0,0,1,0,0,0,0,1,0,0,0,0,1,0,1,0,0
1,1,0,0,0,0,0,1,0,0,0,0,1,1,1,0,0,0,1
0,0,0,1,1,1,0,1,0,0,0,0,0,1,0,0,0,0,0
0,0,0,0,0,1,0,0,1,0,1,1,1,1,0,0,1,1,1
1,0,0,0,1,1,0,0,0,0,0,0,0,0,0,0,1,0,0
0,0,0,0,0,0,1,1,1,1,0,0,0,1,1,0,0,1,1
1,0,0,1,1,0,0,1,0,0,0,0,0,1,1,0,1,0,0
0,0,0,1,1,1,1,1,0,1,1,0,1,0,0,0,0,0,0
0,0,0,0,0,1,0,1,0,0,1,0,0,0,0,1,0,0,0
1,0,0,0,1,0,0,1,0,0,0,1,0,1,0,0,0,0,1
1,0,0,0,1,0,0,1,1,0,0,1,0,0,0,0,0,0,1
1,0,0,0,0,1,0,1,0,0,0,0,0,0,0,0,1,0,0
1,0,0,0,0,0,0,1,0,1,0,0,0,1,1,0,1,0,1
1,0,0,0,0,1,0,1,0,1,1,0,1,0,0,0,1,0,0
0,0,0,0,0,0,1,1,0,0,0,1,0,0,0,1,1,0,0
1,0,0,0,0,1,1,1,0,0,0,0,0,0,1,0,0,1,0
1,0,1,0,0,0,1,0,0,0,0,0,1,1,0,0,0,0,0
1,0,0,1,1,0,1,0,0,0,0,0,1,0,0,0,1,0,1
1,1,0,0,0,0,0,0,1,1,0,0,0,1,1,0,0,1,0
1,1,0,0,0,1,0,0,1,0,0,1,0,0,0,0,1,0,1
1,0,1,0,0,0,1,1,0,1,0,1,1,0,0,1,0,1,1
0,0,1,0,0,0,0,1,0,0,0,0,1,0,1,0,0,0,1
1,0,0,0,0,1,0,0,0,1,0,0,0,0,1,1,0,0,1
0,0,0,0,1,1,0,0,0,0,1,1,0,0,0,0,0,0,0
0,0,0,0,0,0,0,1,0,0,0,0,1,0,1,0,1,0,1
0,0,0,1,0,0,0,1,0,0,0,0,0,0,0,0,0,1,1
0,0,0,0,1,1,1,1,1,0,0,0,0,1,0,1,1,0,0
1,1,1,0,0,0,0,0,1,1,0,0,1,1,1,1,0,1,0
1,0,1,0,1,0,0,1,0,0,0,1,1,0,0,0,0,0,0
1,1,0,1,1,1,0,0,0,1,0,0,0,1,1,1,1,0,0
0,0,0,0,0,0,0,1,1,1,1,1,0,0,1,1,0,1,0
1,0,0,0,0,1,0,1,1,0,1,0,0,0,0,1,0,0,1
1,0,0,0,0,0,1,0,1,0,0,1,1,0,0,1,1,0,1
0,0,0,0,0,1,0,1,0,0,0,0,1,0,0,0,0,0,0
1,1,0,0,0,0,1,1,0,0,1,0,0,0,0,0,0,0,1
1,0,0,1,0,0,1,0,0,0,0,0,0,0,0,1,0,0,0
0,0,0,1,0,0,0,0,0,0,0,1,1,1,0,0,0,0,0
1,1,0,0,0,1,0,0,1,1,0,1,0,1,0,1,0,0,0
0,0,0,1,0,0,1,0,0,0,0,0,0,0,1,1,1,0,0
0,0,0,0,0,0,0,1,0,1,1,0,1,1,1,0,0,0,1
0,0,0,1,0,0,0,0,1,1,0,1,1,0,0,1,0,1,1
1,1,0,0,0,0,0,0,1,0,1,1,1,0,1,0,1,0,1
0,0,0,1,0,0,0,0,0,0,1,0,1,1,1,1,0,0,0
1,1,0,1,0,1,0,0,1,0,0,1,1,1,0,1,0,1,1
0,0,0,0,0,0,0,1,0,0,1,0,1,0,1,0,0,1,1
0,0,0,1,0,1,0,1,0,0,0,0,0,0,0,1,0,0,0
0,0,0,0,0,0,0,0,0,1,1,1,1,0,0,1,0,0,0
0,0,0,0,1,0,0,0,0,0,0,0,1,1,1,1,1,1,0
1,1,0,0,0,0,0,0,1,1,0,1,0,0,1,0,1,0,1
0,0,0,1,0,0,1,1,1,0,0,1,1,0,1,0,0,1,0
1,0,0,0,0,0,0,0,0,1,0,0,0,0,0,1,1,1,0
0,0,0,1,0,0,0,0,0,0,1,1,0,0,0,1,1,1,0
1,1,0,0,0,0,0,0,0,0,0,0,1,0,0,0,0,0,0
1,0,0,0,1,0,0,0,0,1,1,1,0,0,0,1,0,0,0
1,0,0,0,0,0,0,1,1,1,0,0,0,0,0,0,0,0,0
0,0,0,1,1,0,0,1,0,0,0,0,0,0,0,0,0,0,0
1,0,0,0,0,1,0,0,1,0,1,1,0,1,0,1,1,0,0
0,0,0,0,0,0,0,0,0,0,0,0,0,1,0,1,1,0,1
1,0,0,0,0,0,0,0,0,1,1,0,0,1,0,0,1,1,0
0,0,0,0,0,0,0,0,1,1,0,1,0,0,0,0,0,1,0
1,1,0,0,0,0,1,0,0,1,0,1,1,0,0,1,0,0,0
1,1,0,1,0,0,1,0,0,0,1,0,0,1,0,0,1,0,0
1,0,0,0,0,1,0,0,1,1,1,0,1,0,1,0,0,1,0
1,0,0,0,0,1,0,0,1,1,1,0,0,0,0,0,1,0,0
1,0,0,1,0,1,0,1,0,0,1,0,0,0,1,1,0,0,0
0,0,0,0,0,0,0,0,0,0,0,0,1,1,0,0,1,0,1
1,0,0,0,0,0,1,0,1,1,0,1,1,0,0,0,0,0,0
1,0,0,0,1,1,0,0,1,0,1,0,0,0,0,0,1,0,0
0,0,0,1,1,0,1,0,0,0,0,0,0,0,1,0,0,0,1
0,0,0,0,1,0,0,0,0,0,1,0,1,1,1,0,0,1,0
0,0,0,1,1,0,0,0,0,0,1,0,1,0,0,0,1,1,1
0,0,0,0,0,0,1,0,0,0,0,0,0,0,0,0,1,0,0
0,0,0,0,0,0,0,0,0,0,1,0,1,0,0,0,0,0,0
1,0,0,1,0,0,0,0,1,1,0,0,0,0,1,0,0,0,0
1,0,0,1,1,0,1,0,0,0,0,0,0,1,0,0,0,0,0
1,0,0,1,0,0,1,0,0,0,0,0,1,0,0,0,0,0,1
1,1,0,0,0,1,0,0,0,1,1,0,1,0,0,1,0,0,1
1,0,0,0,1,0,0,1,0,0,0,1,1,1,1,0,0,0,1
0,0,0,0,0,1,1,1,0,0,0,0,0,0,0,0,1,1,1
1,1,0,0,1,0,0,0,1,0,1,0,0,0,1,1,0,1,0
1,0,0,0,0,0,1,1,0,1,0,1,1,0,1,1,0,1,1
1,0,0,0,0,0,1,0,0,0,1,0,0,1,0,1,0,1,0
0,0,0,1,1,0,1,0,0,0,0,0,1,0,0,0,1,0,0
0,0,0,0,1,0,0,0,0,0,1,0,0,1,0,1,0,1,1
1,0,0,1,0,0,0,0,0,1,0,1,0,0,1,1,1,1,0
1,0,0,0,0,0,1,0,0,0,0,0,1,1,0,1,0,0,0
1,1,0,0,0,1,0,0,0,1,0,0,1,1,1,1,0,1,0
1,0,0,1,0,0,1,1,0,0,1,1,1,0,0,0,1,1,1
0,0,0,0,0,0,1,0,0,0,0,0,1,0,0,1,0,0,0
0,0,0,1,0,0,0,1,0,1,1,0,1,1,0,0,1,0,0
0,0,0,1,1,0,0,0,1,0,1,1,0,1,0,0,0,0,1
1,0,0,1,0,1,0,0,1,1,0,0,1,1,0,0,0,0,0
1,1,0,0,1,0,0,0,0,0,0,0,0,0,1,0,1,0,0
1,0,0,1,1,0,1,0,0,1,1,0,0,0,0,0,1,0,0
0,0,0,0,1,0,1,1,0,1,0,1,1,0,0,1,0,0,1
0,0,0,0,1,1,1,1,0,0,0,0,0,1,1,1,0,0,1
1,0,0,0,0,0,0,0,0,0,1,0,0,1,0,0,0,0,0
1,1,0,0,1,0,0,1,0,1,0,0,1,0,1,0,0,0,0
1,0,0,1,1,1,0,0,1,0,0,0,0,0,1,0,0,0,0
0,0,0,1,0,0,1,0,0,0,1,0,0,0,1,1,1,0,0
0,0,0,0,0,0,0,0,1,0,1,0,1,1,1,0,0,0,0
1,0,0,0,0,0,0,1,0,1,1,1,0,0,1,0,0,0,0
1,0,0,0,0,0,0,0,0,1,0,1,0,0,1,1,0,0,0
0,0,1,0,0,0,1,0,1,0,1,0,1,0,0,0,1,0,1
0,0,0,0,1,0,1,1,0,1,0,1,1,0,0,0,0,0,1
1,0,0,1,1,0,1,0,1,1,0,1,1,0,0,1,0,0,0
0,0,0,0,1,1,0,0,0,1,1,0,1,1,0,0,0,0,0
0,0,0,0,0,1,1,0,0,1,1,0,0,0,0,0,0,1,1
0,0,0,1,0,1,1,0,0,0,0,1,1,1,1,0,0,0,1
0,0,0,1,0,0,1,0,1,1,0,0,0,1,0,1,1,1,0
1,1,0,1,0,0,0,0,1,0,1,1,0,0,0,0,1,1,0
0,0,0,0,1,1,0,0,0,0,1,1,0,0,1,0,0,0,0
0,0,0,0,1,1,0,0,0,1,1,0,0,0,0,0,0,0,1
0,0,0,0,0,0,1,0,0,0,0,1,0,0,0,1,0,0,1
1,0,0,0,1,0,0,1,0,0,0,1,1,0,0,1,0,0,0
0,0,0,0,0,0,1,0,0,0,0,1,0,0,1,1,0,0,0
0,0,0,0,0,0,1,0,0,0,0,1,1,0,0,0,0,0,0
1,0,0,1,0,1,1,1,1,0,0,1,0,0,0,1,0,0,0
1,0,0,0,0,0,0,1,1,1,0,1,0,0,1,0,1,1,0
1,1,1,1,0,0,0,0,0,0,1,0,0,0,0,0,0,0,0
1,0,0,1,0,1,0,0,0,0,0,1,1,0,0,1,0,1,0
0,0,0,0,0,1,0,0,0,0,0,0,0,0,0,1,0,1,0
0,0,0,1,0,1,1,0,0,0,0,0,0,1,0,1,1,0,0
1,0,0,0,0,1,0,0,0,1,0,0,1,0,0,1,1,1,1
1,0,0,0,0,0,0,0,1,1,0,0,0,0,1,0,0,1,0
0,0,0,1,0,1,0,0,0,0,0,0,0,1,0,0,0,1,1
1,1,0,1,0,0,0,0,1,1,1,0,0,0,0,0,1,0,1
0,0,0,1,0,1,0,0,1,0,0,1,0,1,0,0,1,0,0
1,0,0,0,0,0,1,0,0,1,0,0,0,0,0,1,1,1,0
1,0,0,0,0,0,0,0,1,1,0,0,1,0,1,1,0,0,1
0,0,0,0,0,1,0,0,1,0,1,0,0,0,1,1,1,0,1
1,0,0,1,1,0,1,0,1,0,0,0,0,1,1,0,0,0,0
0,0,0,1,0,0,0,0,1,0,1,0,0,0,1,0,0,0,1
1,1,0,0,0,0,1,1,0,0,0,0,0,0,1,1,0,0,0
1,1,0,1,1,0,0,0,1,0,0,0,1,0,0,1,0,1,0
1,0,0,0,0,1,0,1,0,1,1,1,1,0,0,0,0,0,1
0,0,1,0,0,1,0,0,0,0,1,0,0,0,1,0,1,0,0
1,0,0,1,0,0,0,1,0,0,0,0,1,1,0,0,0,0,0
0,0,0,0,0,0,0,1,0,0,0,0,0,0,0,1,1,1,0
0,0,0,0,0,1,0,1,0,0,0,0,1,0,0,1,0,0,0
0,0,0,0,1,0,0,0,0,1,0,1,1,0,0,0,0,0,0
0,0,0,0,0,0,0,1,0,0,0,1,0,1,1,0,1,1,0
1,0,0,0,0,0,1,0,0,0,1,0,0,0,0,1,1,1,0
0,0,0,0,0,0,1,1,0,1,0,0,1,1,0,0,0,0,0
1,0,0,1,1,0,1,0,1,1,0,0,0,0,0,1,0,1,0
1,0,0,1,0,0,0,0,0,1,0,1,1,0,0,1,0,1,0
0,0,0,0,1,0,1,1,1,0,0,1,1,0,0,1,1,0,0
1,1,0,1,0,0,0,0,0,0,1,0,0,0,1,0,1,1,1
1,0,0,0,0,0,0,0,0,0,0,0,0,1,1,1,0,0,0
1,1,0,0,0,1,1,0,1,0,0,1,0,0,0,1,0,0,0
1,1,0,1,1,0,0,0,1,1,1,1,1,0,1,1,1,0,1
1,0,0,0,1,0,0,1,1,0,1,0,0,1,0,0,0,0,0
0,0,0,0,1,1,1,0,0,1,0,0,0,0,1,1,0,1,1
0,0,0,1,0,0,0,0,0,0,0,1,0,0,1,1,1,0,0
1,1,1,0,0,1,1,0,1,1,0,1,0,0,0,0,1,1,0
1,0,0,1,1,0,1,0,1,1,0,0,1,0,1,1,1,1,1
0,0,0,1,0,0,0,0,0,1,1,0,0,1,0,0,1,0,0
1,0,0,1,0,0,0,0,1,0,0,0,1,0,0,0,0,1,1
0,0,0,0,1,0,0,0,1,0,0,1,0,0,1,1,0,1,0
0,0,0,1,1,1,1,1,0,0,0,1,1,0,0,0,0,0,0
0,0,0,0,0,0,1,0,0,1,1,1,1,1,1,0,1,0,0
0,0,0,0,1,0,1,0,0,0,0,0,0,0,1,0,0,0,0
1,0,0,0,0,1,0,0,1,0,1,1,0,0,0,1,0,1,1
0,0,0,0,0,0,1,1,0,0,1,1,0,1,0,1,0,0,1
1,0,0,1,1,1,0,1,0,0,0,0,0,0,1,0,0,1,1
0,0,0,1,1,0,0,0,0,0,1,0,0,0,1,0,0,1,0
1,1,0,0,0,0,1,1,0,0,1,1,0,1,0,1,0,0,0
0,0,0,0,0,0,0,1,0,0,1,0,1,0,0,1,0,0,0
1,0,0,1,0,0,1,0,0,0,1,0,0,1,1,0,0,0,1
0,0,0,1,0,0,1,1,1,0,0,1,1,0,1,0,0,0,1
1,0,0,1,1,0,1,1,0,0,1,1,0,0,0,0,1,0,1
1,1,0,1,1,0,1,0,1,1,1,0,1,0,1,0,1,0,1
0,0,0,0,0,1,0,1,0,0,1,0,1,1,1,0,0,1,0
1,0,0,0,0,0,0,0,0,0,1,0,0,1,0,0,0,0,0
1,0,0,0,1,0,1,0,1,0,1,0,0,1,0,0,1,0,0
0,0,0,0,0,1,0,0,0,0,0,0,0,0,0,0,0,0,0
1,0,0,0,0,1,0,1,0,0,1,0,0,0,1,0,0,0,0
1,1,0,0,0,0,0,0,0,1,0,0,0,1,1,1,0,0,0
0,0,0,0,0,0,0,0,0,0,0,0,0,1,0,1,0,0,0
0,0,0,1,1,0,0,0,0,0,0,0,0,1,0,0,0,0,0
0,0,0,0,1,0,0,0,0,0,0,0,0,0,0,1,1,0,0
1,1,0,0,0,0,0,1,1,0,1,1,0,1,0,0,0,0,0
1,0,0,0,0,0,0,1,0,1,0,0,0,0,0,1,1,0,0
0,0,0,0,1,0,1,0,0,0,0,0,1,0,0,1,1,1,1
1,0,0,0,0,1,0,0,1,0,0,0,0,0,0,1,0,1,1
0,0,0,0,1,1,1,1,1,0,1,1,1,1,1,1,1,0,0
0,0,0,0,1,0,1,1,0,0,1,1,0,0,0,1,0,1,0
0,0,0,1,1,0,0,0,0,0,0,1,0,1,1,1,0,1,0
0,1,0,0,1,0,0,0,1,0,1,0,1,1,1,1,0,0,0
0,0,0,1,0,0,0,1,1,1,0,0,0,0,0,1,0,1,0
1,0,0,0,0,1,1,0,0,0,0,0,0,0,0,1,0,0,0
0,0,0,0,0,0,0,0,0,1,1,0,0,0,0,1,0,0,0
1,0,0,0,0,0,0,1,0,0,0,0,1,0,0,1,0,0,1
0,0,0,0,1,1,1,0,0,1,0,1,0,1,0,0,0,0,0
0,0,0,0,1,1,0,0,0,0,1,0,1,1,1,1,0,1,1
0,0,0,0,1,0,0,1,0,1,0,0,0,0,1,0,0,1,0
1,0,0,0,1,0,0,0,0,1,0,1,0,0,0,0,0,0,0
1,0,0,1,1,0,0,0,0,0,0,0,0,1,1,0,1,0,0
0,0,0,0,0,1,1,0,0,0,0,0,0,0,1,0,1,0,1
0,0,0,0,1,0,0,1,0,1,0,0,1,1,1,0,0,0,1
0,0,0,0,1,0,0,1,0,1,0,0,1,1,1,0,1,0,1
1,1,0,0,1,0,0,1,0,1,1,0,0,0,1,0,0,0,0
1,0,0,0,0,0,0,0,0,0,0,1,1,0,0,1,1,0,0
1,1,0,1,1,0,0,0,0,0,0,0,0,0,0,0,1,1,1
1,0,0,0,0,0,1,0,0,0,0,0,1,0,0,0,0,0,0
1,0,0,1,0,1,1,0,0,0,1,0,1,0,0,0,0,0,1
0,0,0,0,0,0,1,0,0,0,1,1,1,0,0,1,1,1,0
0,0,0,0,1,0,0,0,0,0,0,1,1,0,0,1,0,0,0
1,0,0,0,0,1,1,0,1,1,1,0,0,0,0,1,0,0,0
1,1,0,1,0,1,1,0,0,1,0,0,1,0,0,1,0,0,1
1,0,0,0,1,0,0,0,0,0,1,0,0,0,1,0,1,0,0
0,0,0,0,0,0,1,0,0,0,0,0,1,1,1,0,0,0,1
1,0,1,0,0,0,0,0,0,1,0,0,0,1,0,0,0,1,1
0,0,0,0,1,0,1,0,0,0,0,1,0,0,1,0,0,0,1
0,0,0,0,0,0,0,0,0,0,0,0,0,0,1,0,1,0,1
0,0,0,0,0,1,0,0,0,1,0,1,0,0,1,1,0,0,0
1,0,0,0,0,1,0,0,0,0,0,0,0,0,0,0,0,1,1
0,0,0,1,0,0,1,0,0,0,0,0,0,0,1,0,0,0,1
1,0,0,1,0,0,0,0,1,0,1,1,0,0,0,0,0,1,0
0,0,0,0,1,1,0,1,0,0,0,0,0,1,0,1,0,1,0
0,0,0,1,0,0,0,1,1,0,1,0,0,0,0,0,0,0,1
1,0,0,1,1,1,0,1,0,1,1,0,0,0,1,1,1,0,0
1,0,1,0,1,1,1,0,0,0,1,1,0,1,0,1,1,1,0
1,0,0,0,0,0,0,0,0,0,0,0,0,0,0,1,1,1,0
0,0,0,0,0,0,0,0,0,0,0,0,1,0,1,0,1,1,1
0,0,0,0,1,1,0,0,1,0,0,1,0,1,0,1,0,0,0
1,0,0,0,1,1,1,0,1,0,0,0,0,0,1,0,1,0,0
1,0,0,1,1,1,0,0,0,0,1,1,1,1,1,0,0,1,1
1,1,0,0,1,0,1,0,0,0,1,1,0,0,0,0,0,0,0
0,0,0,0,0,1,0,0,0,1,0,0,0,1,1,0,0,0,0
1,1,0,1,0,1,0,0,0,0,0,1,0,0,0,0,1,1,1
0,0,0,0,1,0,0,0,0,0,1,1,0,1,1,0,1,0,0
0,0,0,0,1,1,0,0,1,0,0,0,0,0,0,1,0,0,1
0,0,0,0,0,1,0,0,0,0,0,0,0,0,0,0,1,0,1
0,0,0,0,0,0,0,0,0,0,0,0,0,0,0,1,0,0,1
0,0,0,0,0,0,0,0,1,0,1,0,1,1,1,1,0,0,0
0,0,0,1,0,0,0,1,0,0,0,1,0,1,0,0,0,0,0
0,0,0,0,0,0,1,0,0,1,0,0,0,0,0,1,1,0,0
1,0,0,0,0,1,0,1,0,0,0,0,1,1,0,0,0,0,0
1,0,0,0,1,0,0,1,1,1,0,1,1,1,1,1,1,1,1
0,0,0,1,0,1,1,0,0,0,0,1,1,1,0,0,0,0,0
1,1,1,1,1,1,1,1,1,0,0,0,0,0,0,1,1,0,0
0,0,0,1,0,0,0,1,0,0,0,0,0,0,0,0,0,1,0
1,0,0,0,0,1,0,0,0,1,0,1,0,0,0,0,1,1,0
0,0,0,0,0,0,0,0,1,0,1,1,0,1,0,0,0,0,0
0,0,0,1,0,1,0,1,0,1,0,0,1,0,0,1,1,1,1
1,0,0,0,0,0,0,1,0,0,0,0,1,0,0,0,0,0,0
1,0,1,0,0,0,1,0,0,1,0,1,0,0,1,0,0,0,0
0,0,0,0,0,0,0,0,1,1,0,0,0,1,1,1,1,0,1
1,1,0,1,1,0,0,0,0,0,1,1,0,0,0,0,1,0,1
0,0,0,1,0,0,0,0,1,0,0,0,0,1,0,0,0,1,1
1,0,0,1,0,1,0,1,1,1,0,0,0,1,0,0,0,1,1
0,0,0,1,0,0,1,0,0,0,1,0,0,0,1,0,1,1,1
0,0,0,0,0,0,0,0,0,0,0,0,0,0,0,1,0,0,0
0,0,1,0,1,1,0,1,0,0,0,0,0,0,0,0,0,0,0
1,0,0,0,0,0,0,0,0,0,0,1,0,0,0,1,1,0,1
0,0,0,1,0,0,0,0,0,1,0,0,0,1,1,0,0,0,0
1,0,0,0,0,0,0,1,1,0,0,0,0,1,1,1,0,1,0
1,1,0,1,1,0,0,0,0,1,1,0,1,0,1,0,0,0,0
1,0,0,1,0,1,1,0,0,1,1,1,0,1,0,0,1,0,1
1,0,0,0,0,0,1,1,0,1,0,1,1,1,1,0,1,1,1
1,0,0,0,1,1,0,0,1,0,0,0,0,0,1,0,1,1,0
1,0,0,1,0,0,1,0,0,0,1,1,0,0,0,0,0,0,1
0,0,0,1,1,0,0,0,0,0,0,0,0,0,0,0,0,1,1
0,0,0,0,0,0,0,1,0,0,1,0,1,0,0,1,0,1,0
1,0,0,1,1,0,0,1,0,0,0,0,1,0,0,0,1,0,0
1,0,0,0,0,0,0,1,1,1,0,0,1,0,0,1,1,1,0
0,0,0,1,0,0,0,0,1,0,0,1,0,1,0,1,0,0,1
1,1,0,1,1,1,1,1,0,0,0,1,0,1,0,0,0,1,0
0,0,0,0,0,1,1,0,1,0,1,1,0,0,1,1,0,1,1
0,0,0,1,0,0,0,0,0,0,1,1,0,0,1,0,1,0,1
0,0,0,1,0,0,0,1,0,0,1,0,1,0,1,0,0,0,1
0,0,0,1,0,0,1,0,0,0,1,0,0,0,0,0,0,1,0
0,0,0,0,1,1,0,0,0,1,1,0,1,1,1,1,0,0,0
0,0,0,1,0,0,0,1,1,0,1,0,0,0,0,0,1,0,1
1,0,0,0,0,0,0,1,0,1,0,0,1,1,0,1,0,1,1
1,0,1,0,0,0,0,0,0,1,1,0,1,0,0,0,1,0,0
0,0,0,1,0,0,1,0,1,1,0,1,1,0,1,0,0,0,1
1,0,0,0,0,0,0,0,0,0,0,1,0,0,0,0,1,0,0
1,0,0,1,1,1,0,0,0,1,0,0,0,0,1,0,0,0,1
0,0,0,0,0,0,0,0,0,1,1,0,0,0,0,0,0,1,0
0,0,0,0,0,0,1,1,0,0,1,0,1,0,0,0,0,0,0
0,0,0,0,0,0,1,1,0,1,0,1,0,0,1,0,0,0,0
0,0,0,0,0,0,0,0,1,0,1,1,0,1,1,0,1,1,1
0,0,0,0,1,1,0,0,0,0,1,1,1,0,0,0,0,0,0
1,1,0,0,1,0,1,1,0,0,0,0,1,0,0,0,1,0,0
0,0,0,0,1,0,1,0,0,0,0,0,0,0,0,0,0,1,0
1,0,0,0,1,1,1,0,0,0,1,1,1,0,1,1,0,0,0
1,0,0,0,1,1,0,1,0,0,0,1,0,1,0,0,1,0,0
1,0,0,1,0,1,1,0,0,0,0,0,0,0,0,0,1,0,1
0,0,0,0,1,1,0,0,0,0,0,0,1,1,0,0,0,0,0
1,0,0,0,0,0,0,1,0,1,0,0,0,0,1,1,0,0,0
0,0,0,1,1,0,0,0,1,0,0,1,0,1,0,0,0,0,0
1,0,0,0,0,1,0,0,0,1,0,1,0,0,0,1,1,0,0
1,1,0,0,1,0,0,0,0,0,1,0,0,1,0,1,0,0,0
1,0,0,0,0,0,0,1,1,0,1,0,0,0,0,1,0,0,0
0,0,0,1,1,0,0,0,0,1,0,0,1,1,0,0,1,0,0
0,0,0,0,0,0,0,0,0,0,0,0,1,0,0,1,0,0,1
0,0,0,0,1,0,0,0,0,1,0,0,0,0,0,0,1,0,0
1,0,0,0,0,1,1,1,0,0,0,0,0,1,0,0,0,0,0
1,0,0,1,1,0,1,1,0,0,0,1,1,0,0,1,0,0,0
1,0,0,1,0,1,0,0,1,0,1,0,0,0,1,0,1,0,0
1,0,0,0,0,1,0,1,0,0,1,0,0,0,0,0,0,0,0
1,0,0,0,0,1,1,0,0,0,0,1,0,0,0,1,0,1,0
0,0,0,0,0,1,0,0,0,1,1,0,1,1,0,1,1,1,0
1,0,0,0,0,0,0,1,0,0,0,0,0,0,0,0,0,0,0
0,0,0,0,0,1,0,0,1,1,0,1,0,1,0,0,0,0,0
1,0,0,0,0,0,0,0,0,0,0,1,0,1,0,1,0,0,0
1,0,0,0,0,0,0,0,1,0,0,0,0,0,1,0,0,0,1
1,1,1,0,0,0,0,1,0,1,1,0,1,1,0,1,1,1,0
0,0,0,0,0,1,0,0,1,0,0,1,0,1,1,0,0,0,1
0,0,0,1,0,0,0,0,0,1,0,0,0,1,1,0,0,0,0
0,0,0,0,1,0,0,0,0,0,0,0,0,0,0,1,0,1,1
1,0,1,0,0,0,0,0,0,1,0,0,0,0,0,0,0,0,0
1,1,0,1,0,0,1,0,1,0,1,0,0,0,0,0,0,1,1
1,0,0,0,0,0,0,1,0,1,0,0,1,0,0,0,0,0,0
0,0,0,0,1,0,0,0,1,0,0,0,0,1,0,0,0,1,1
0,0,0,0,0,1,0,0,0,1,0,1,1,0,1,0,0,1,1
0,0,0,1,0,0,1,0,0,0,0,0,1,1,0,1,1,0,0
1,0,0,0,0,1,0,0,0,1,0,0,1,1,1,0,1,1,0
1,0,0,0,0,0,0,1,0,1,1,1,0,1,0,0,1,1,0
0,0,0,0,1,0,0,0,0,1,0,1,0,0,0,0,0,0,1
1,0,0,1,0,1,0,0,0,1,1,0,1,1,0,0,0,0,0
0,0,0,0,0,0,0,1,1,1,1,1,0,1,0,1,0,0,0
0,1,0,0,0,0,1,0,1,1,1,0,0,1,0,1,0,1,0
1,0,0,0,1,0,0,0,0,0,0,0,1,0,0,1,1,1,0
1,0,0,0,0,1,1,0,1,0,0,0,0,1,1,0,0,0,0
1,0,0,0,0,1,0,1,0,1,0,0,1,0,1,1,0,1,0
0,0,0,1,0,0,0,0,0,0,0,1,1,0,1,0,0,0,1
1,0,0,0,0,0,1,0,1,0,0,0,0,1,1,1,1,1,1
0,0,0,0,1,1,1,0,0,0,1,1,0,0,1,0,0,0,0
1,0,0,0,0,0,0,0,0,0,1,0,0,0,1,0,0,0,0
0,0,0,1,1,0,0,1,1,0,0,0,0,0,0,0,1,0,1
1,0,0,1,1,0,1,1,0,0,1,1,1,0,0,1,0,0,0
0,0,0,0,1,0,1,0,0,0,1,0,0,0,0,1,1,1,0
0,0,0,0,0,1,0,0,1,0,0,0,1,1,0,1,0,0,1
0,0,0,0,0,0,0,0,1,0,0,0,1,1,0,0,0,1,0
1,0,0,0,0,0,1,1,0,0,1,0,1,0,1,0,0,0,1
0,0,0,0,0,0,0,0,1,1,0,0,0,0,1,1,0,0,0
0,0,0,1,1,0,1,0,1,1,0,0,0,0,1,0,1,1,0
1,0,0,0,0,0,0,0,0,0,0,0,1,0,1,0,1,0,1
1,0,0,1,0,1,0,0,0,1,0,0,0,1,0,1,1,1,0
1,1,0,1,0,0,0,0,0,1,0,1,0,1,1,0,0,0,0
0,0,0,0,0,0,1,0,1,0,0,1,0,1,0,1,0,0,0
1,0,0,0,0,0,0,1,0,1,0,1,0,0,0,1,0,1,1
1,0,0,1,1,0,0,1,0,0,0,0,0,0,0,0,0,0,1
0,0,0,0,1,1,0,1,0,0,1,0,0,1,1,1,1,0,1
1,0,1,0,1,1,0,1,0,0,0,0,1,0,1,0,1,0,0
1,1,0,1,0,0,1,0,1,1,1,0,0,1,0,1,1,0,1
0,0,0,0,0,0,0,1,1,0,0,0,0,0,1,0,1,1,1
0,0,0,1,0,0,1,1,1,0,0,0,0,0,1,0,0,1,1
0,0,0,0,1,0,0,0,0,0,1,0,0,0,1,1,0,0,1
1,0,0,0,0,1,1,1,1,0,1,0,0,0,1,1,0,0,0
0,0,0,0,0,0,0,1,0,1,0,0,0,0,1,0,0,0,1
1,0,0,1,0,1,0,1,0,0,1,0,1,0,0,1,0,0,1
0,0,0,1,0,0,0,0,1,0,0,1,0,0,0,0,1,1,1
1,0,0,1,1,0,0,0,1,0,0,0,0,1,1,0,0,1,0
0,0,0,0,0,1,1,0,0,0,0,0,0,1,0,0,1,0,1
0,0,0,0,0,0,0,1,0,0,0,0,0,0,0,0,0,0,1
0,0,0,1,1,0,1,1,0,0,0,0,0,0,0,0,0,0,0
0,0,0,1,1,0,0,1,0,1,1,1,0,1,0,0,0,0,1
0,0,0,0,0,0,1,1,0,1,1,0,1,0,0,1,1,0,1
0,0,0,0,0,0,0,0,0,1,0,1,0,0,0,0,0,1,1
1,0,0,0,0,0,1,0,0,0,1,0,0,0,0,0,0,0,0
1,1,0,0,0,0,0,0,1,0,0,1,0,0,1,0,0,1,1
1,1,0,1,0,0,0,1,1,0,0,0,1,1,0,0,0,1,0
0,0,0,1,0,0,1,1,1,0,1,0,0,1,0,0,0,1,0
1,1,0,1,0,0,1,0,0,1,0,0,1,0,1,0,1,0,0
0,0,0,0,1,0,1,0,1,1,1,1,0,0,0,0,0,0,0
1,0,0,0,0,1,1,0,1,0,1,0,0,1,0,0,0,1,0
1,0,0,1,0,0,1,0,0,1,1,0,0,1,0,0,0,0,0
1,0,0,0,1,0,1,0,1,0,1,0,0,1,0,1,1,0,1
1,0,0,0,0,0,1,1,0,0,0,1,0,0,0,0,0,1,0
0,0,0,0,0,0,0,0,1,0,0,0,0,0,0,0,1,1,1
0,0,0,0,1,0,1,0,0,0,0,0,1,1,1,1,0,1,1
1,0,0,0,0,1,0,1,0,0,0,1,0,0,0,0,1,1,1
0,0,0,1,0,0,0,0,0,1,0,0,1,0,1,0,0,1,0
1,0,0,0,0,1,0,1,1,0,0,1,0,0,1,1,0,0,1
1,0,0,1,0,0,0,0,0,1,1,1,0,0,0,0,0,1,0
0,0,0,0,0,0,0,0,0,0,1,1,0,1,0,0,0,1,1
1,1,0,0,0,1,0,1,0,1,0,0,0,1,1,0,1,1,1
0,0,0,0,0,1,1,0,0,0,1,0,0,1,1,0,1,1,0
1,1,0,1,1,1,0,0,1,0,0,0,0,0,1,1,0,1,0
1,1,0,0,0,1,0,0,0,0,0,1,0,1,0,0,0,0,1
0,0,0,0,0,0,1,0,0,0,0,0,0,0,0,1,0,0,0
1,1,0,0,0,1,0,0,0,0,1,1,1,0,0,1,0,1,1
1,1,0,1,0,0,0,1,0,0,1,0,0,1,1,0,0,1,0
1,0,0,0,0,1,0,1,1,0,1,0,0,1,0,1,1,0,0
0,0,0,0,1,0,0,0,0,0,0,1,0,0,0,1,0,0,0
1,1,0,1,1,0,0,1,0,0,0,1,0,0,1,1,1,0,0
0,0,0,1,1,0,0,0,0,1,0,1,0,0,1,1,0,1,0
0,0,0,0,1,1,1,0,0,0,1,0,0,0,0,0,1,1,1
1,1,0,1,1,1,0,0,1,1,1,0,1,0,1,0,1,1,0
1,0,0,1,0,0,1,1,0,0,0,0,1,0,0,0,0,0,0
1,0,0,0,0,0,1,1,1,0,0,0,0,0,0,0,0,0,0
1,1,0,0,1,1,1,0,1,0,1,0,0,0,0,1,1,0,1
0,0,0,1,1,0,1,0,1,0,0,1,0,0,0,0,1,0,1
1,0,0,0,1,1,1,1,1,0,0,0,0,0,0,1,0,1,0
0,0,0,1,1,1,1,0,0,1,1,0,1,1,1,1,0,0,1
0,0,0,1,0,0,0,0,0,0,0,0,0,0,1,0,0,1,1
1,0,0,0,0,0,0,1,0,0,0,0,0,1,0,0,1,1,0
1,0,0,0,0,1,1,0,1,0,0,1,0,0,1,1,1,0,0
1,0,0,0,1,0,0,1,1,0,0,0,0,0,0,1,0,0,0
1,0,0,0,1,0,1,1,1,0,0,0,0,1,0,1,0,1,0
1,0,0,1,0,0,0,0,1,0,1,0,0,0,0,0,1,0,0
0,0,0,0,1,0,1,1,1,1,0,1,0,1,0,1,1,0,0
0,0,0,0,0,0,1,0,0,0,0,1,0,0,1,0,0,1,0
1,0,0,0,0,0,0,1,1,1,0,0,0,1,0,0,1,0,1
1,0,0,0,0,0,1,1,0,1,0,0,1,0,0,0,1,1,0
1,0,0,0,0,0,0,0,1,0,0,1,1,1,0,1,1,0,0
0,0,0,0,1,0,0,0,0,0,1,0,1,1,1,0,0,1,0
0,0,0,1,0,0,1,0,1,1,0,1,0,1,0,0,0,0,1
0,0,0,0,1,1,0,0,0,0,1,0,0,0,1,0,0,1,0
1,1,0,0,0,1,0,1,0,0,0,0,0,0,1,0,0,1,0
1,0,0,1,0,0,0,1,1,1,1,0,1,0,0,0,1,0,1
1,0,0,1,0,0,0,0,1,0,0,0,0,0,1,0,0,0,0
0,0,0,1,0,1,1,0,0,0,1,0,1,1,0,1,0,1,1
0,0,0,1,0,0,0,0,1,1,1,0,0,0,1,0,0,0,1
1,0,0,0,0,1,0,1,0,0,0,0,1,0,0,0,0,0,1
0,0,0,0,0,1,0,0,0,0,0,0,0,0,0,1,1,0,0
1,0,0,0,1,1,1,1,0,0,0,0,0,1,1,1,1,1,0
0,0,0,1,1,0,1,0,0,0,0,1,1,0,0,0,1,0,1
0,0,0,1,0,1,1,0,0,1,1,1,0,0,0,1,0,0,0
1,0,0,0,0,0,0,1,1,0,0,1,0,0,1,0,0,1,0
1,0,0,1,0,1,0,1,1,0,0,0,0,0,0,0,0,0,1
1,0,0,1,0,1,0,0,1,0,0,1,0,1,0,0,0,0,1
0,0,0,1,1,0,1,0,1,1,0,0,0,0,0,0,0,1,1
1,0,0,0,0,0,0,1,1,0,0,1,0,1,0,0,1,0,1
0,0,0,0,0,0,1,0,0,1,0,0,1,1,0,0,0,0,0
1,0,0,0,0,1,1,0,1,0,0,1,0,1,0,1,0,0,1
1,1,0,0,1,0,0,1,0,0,0,0,1,1,0,0,1,0,0
1,1,0,1,0,0,0,0,0,0,1,1,0,0,0,0,0,0,0
0,1,0,1,1,0,0,0,0,0,0,1,1,1,0,0,1,0,1
0,0,0,1,1,1,0,0,0,0,0,0,0,1,0,0,0,0,0
1,0,0,1,0,0,1,0,1,0,1,0,0,0,1,0,0,0,0
1,0,0,0,1,1,0,1,0,0,0,1,0,1,0,1,1,0,0
1,0,1,0,1,1,0,1,0,1,1,0,0,0,0,1,0,1,0
0,0,0,1,0,1,0,0,0,1,0,0,1,0,0,0,0,0,0
1,0,0,0,0,1,1,0,0,0,0,1,0,0,1,1,1,1,0
1,1,0,0,1,0,1,0,0,1,0,1,1,1,1,0,1,1,0
1,0,0,0,0,0,0,1,0,1,0,0,0,0,0,0,1,0,1
0,0,0,1,1,0,1,0,1,0,0,0,1,0,1,0,0,0,1
1,0,0,1,0,0,0,0,1,0,1,0,0,0,0,0,0,0,0
1,0,0,0,1,0,1,0,0,0,0,0,0,1,0,0,0,0,1
1,0,0,0,0,1,1,1,0,0,1,1,1,1,1,0,1,0,0
0,0,0,1,1,1,0,1,0,0,0,0,0,0,1,1,0,0,1
0,0,0,1,0,1,0,0,0,0,0,0,0,1,0,0,0,0,0
1,0,0,0,1,1,1,0,0,0,1,1,0,1,0,0,0,1,0
1,0,0,0,0,1,0,0,1,0,0,0,0,1,0,1,0,0,0
1,0,0,1,0,0,1,0,0,0,1,0,0,1,0,1,0,0,0
1,0,0,0,0,1,1,1,0,1,0,1,0,1,0,1,1,0,0
0,0,0,0,1,0,0,0,0,1,0,0,0,1,1,1,1,0,0
1,0,0,0,1,1,0,1,1,1,1,0,1,0,1,0,1,0,0
0,0,0,1,0,0,0,0,0,0,1,0,0,1,0,0,1,0,0
1,1,0,0,1,0,0,0,0,1,0,1,0,0,0,1,1,0,0
0,0,0,1,0,1,0,0,1,0,0,0,1,1,1,1,0,1,0
0,0,0,0,0,0,0,1,1,0,1,0,0,1,1,0,0,0,0
0,0,0,0,1,0,0,1,0,0,1,0,0,0,0,0,1,1,0
0,0,0,0,0,1,0,1,0,0,1,0,0,1,0,0,0,0,1
1,0,0,0,0,1,0,0,1,1,0,1,0,0,0,1,1,1,1
0,0,0,0,0,1,0,1,0,0,1,1,1,0,0,0,0,1,0
0,0,0,0,1,0,0,1,0,1,1,1,1,1,0,0,0,0,0
1,0,0,0,1,0,0,0,1,0,0,0,0,0,1,0,1,0,0
0,0,0,1,1,0,0,0,0,0,0,0,0,1,0,0,0,0,0
0,0,0,0,0,0,1,0,0,0,0,0,0,0,0,0,0,0,0
1,0,0,0,0,0,1,1,0,1,1,0,0,0,0,0,0,0,0
1,1,0,0,0,0,0,1,0,0,0,0,0,0,1,0,0,0,1
0,0,0,0,0,0,0,0,1,0,1,1,1,0,0,1,0,0,0
1,0,0,0,0,0,1,0,0,0,1,1,1,0,0,1,0,0,0
0,0,0,0,0,1,0,0,1,1,0,1,1,1,1,0,1,0,0
1,0,0,0,0,1,0,1,0,1,1,0,0,0,1,0,0,1,0
0,0,0,0,0,0,0,0,1,0,0,0,0,0,1,0,0,0,0
0,0,0,0,0,1,0,0,0,0,0,0,0,1,0,1,0,0,1
1,1,0,1,0,0,0,0,0,1,1,0,0,1,1,0,0,1,1
1,0,0,0,1,1,1,1,0,1,0,0,0,0,0,0,0,0,0
0,0,0,0,1,1,0,0,0,0,1,0,0,0,0,0,1,1,0
1,0,0,1,0,0,0,1,1,1,0,0,0,0,0,0,1,0,1
0,0,0,0,1,1,0,0,0,0,0,0,1,1,1,1,0,0,0
1,0,0,1,0,0,0,1,0,0,0,0,0,1,1,1,0,1,1
0,0,0,0,0,0,0,0,1,0,0,0,0,0,0,1,1,0,0
0,0,0,1,0,0,0,0,0,1,0,0,1,1,0,0,1,0,0
0,0,0,1,1,0,1,1,0,1,0,1,0,0,0,0,0,1,0
0,0,0,0,0,1,1,0,0,0,0,1,0,1,0,0,1,0,1
0,0,0,1,1,0,0,0,1,1,0,0,0,0,0,0,0,0,0
1,0,0,0,0,1,0,1,0,0,0,0,0,0,1,0,0,0,0
0,0,0,0,0,0,1,0,0,0,0,0,1,0,0,0,1,0,0
1,0,0,0,1,1,0,0,0,1,0,0,0,1,0,0,0,1,0
1,0,0,0,0,0,0,0,0,1,1,1,0,1,1,0,1,0,1
0,0,0,1,1,0,1,0,0,0,0,0,0,1,0,0,0,1,0
1,0,0,0,0,1,0,0,0,1,0,1,0,0,0,0,1,0,0
0,0,0,0,1,0,1,0,0,0,0,0,1,0,0,0,1,0,1
1,0,0,0,1,0,0,0,1,0,1,1,0,0,1,0,0,1,0
0,0,0,0,0,1,0,1,0,0,1,1,1,1,0,0,0,1,0
0,1,0,0,0,1,0,0,0,1,0,0,0,1,0,0,0,1,0
1,0,0,1,0,1,0,0,1,0,0,1,0,0,0,0,1,1,0
1,0,0,0,0,0,0,0,0,0,0,0,1,0,0,0,0,1,0
1,0,0,0,1,1,0,0,1,0,0,0,0,0,0,1,0,0,0
0,0,0,1,1,0,0,1,0,0,0,0,0,0,0,0,1,1,0
0,0,0,0,0,0,1,0,0,0,1,0,1,0,1,1,0,0,1
0,0,0,0,0,0,0,1,0,0,0,1,0,0,0,1,1,0,0
0,0,0,0,0,1,0,1,1,0,1,0,1,0,1,0,0,1,1
0,0,0,0,0,0,0,0,1,0,0,0,1,0,0,1,0,0,1
1,0,0,0,1,0,0,1,0,0,0,0,0,1,0,0,0,0,0
0,0,0,1,0,0,1,0,1,1,1,0,0,0,0,1,1,1,1
1,0,0,0,0,0,0,1,1,1,0,0,0,0,1,0,1,1,0
1,0,0,0,1,0,0,1,1,0,1,0,1,0,1,1,0,0,1
1,1,0,0,1,0,0,0,1,1,1,0,1,0,0,0,0,1,0
0,0,0,0,0,0,1,1,0,1,1,0,0,1,0,1,0,0,1
0,0,0,0,0,1,1,0,0,1,1,1,0,0,1,0,1,0,1
0,0,0,0,0,0,0,0,0,0,0,0,0,0,0,0,0,1,0
1,1,0,0,0,0,0,1,1,0,0,1,1,0,1,0,0,0,1
0,0,0,1,0,0,0,0,0,0,1,1,0,0,1,1,0,1,1
1,0,1,0,0,0,0,1,0,0,1,1,1,0,1,0,0,0,1
0,0,0,0,1,0,0,0,0,0,1,1,1,0,1,1,1,1,0
1,0,0,1,1,1,0,0,1,0,0,0,0,0,0,0,1,1,0
1,0,0,1,1,0,0,0,1,0,0,1,0,1,0,1,1,0,1
1,0,0,0,0,1,1,0,1,0,0,1,0,0,1,0,0,0,0
1,1,0,1,0,0,1,0,0,0,1,0,1,0,1,1,0,1,0
0,0,0,0,0,1,0,0,0,0,0,1,1,1,0,0,0,1,0
0,0,0,0,1,1,0,0,0,0,0,0,0,0,0,1,0,0,1
0,0,0,0,0,0,0,0,1,1,0,0,1,0,0,0,0,0,0
0,0,0,1,0,0,0,0,0,1,1,0,0,1,1,0,1,0,0
0,0,0,0,0,0,1,1,0,1,0,1,0,1,1,1,0,0,0
0,0,0,1,1,0,0,0,0,0,0,0,1,1,0,1,0,0,0
0,0,0,0,0,0,0,0,0,0,0,1,0,0,0,0,0,1,0
0,0,0,1,0,1,0,1,1,0,0,0,1,0,0,1,1,1,0
0,0,0,0,0,0,1,0,1,0,1,1,1,0,1,0,0,0,0
1,0,0,1,0,1,0,0,0,1,0,1,0,1,0,0,0,0,0
0,0,0,0,0,0,0,0,1,0,0,0,0,1,1,0,1,1,0
1,0,0,0,1,0,0,0,0,0,1,1,0,0,1,1,0,0,0
0,0,0,0,0,0,1,1,0,0,0,0,1,0,0,0,1,1,1
0,0,0,0,0,1,1,1,0,0,0,1,0,0,1,0,0,0,0
1,0,0,1,1,1,0,0,0,1,1,0,0,0,0,0,0,1,0
1,0,1,0,0,0,1,0,0,0,0,1,1,1,1,1,0,1,0
1,0,0,1,0,0,0,1,1,0,1,1,0,0,0,1,1,0,0
0,0,0,0,0,0,0,0,0,1,1,0,0,0,0,0,0,0,1
1,0,0,1,1,0,0,0,0,0,0,1,0,0,0,0,0,0,0
1,0,0,0,1,0,0,0,1,1,0,0,1,0,0,0,0,1,1
1,0,0,0,0,0,0,0,0,0,1,0,1,0,1,0,0,1,0
0,0,0,1,1,0,0,0,1,0,1,1,0,1,0,0,0,0,1
0,0,0,1,0,0,1,0,0,0,0,0,1,1,0,0,1,1,0
0,0,0,0,0,0,0,0,1,1,0,1,1,0,0,0,0,0,0
0,0,0,0,0,0,0,0,1,1,0,0,0,0,1,0,0,1,0
1,0,0,0,0,1,1,0,1,0,0,1,1,0,0,0,1,0,0
0,0,0,0,0,1,1,0,0,1,1,1,0,0,0,0,0,0,0
1,0,0,0,0,1,0,1,0,1,0,1,0,0,1,0,0,0,0
1,1,0,1,1,0,1,0,0,0,0,0,0,0,0,1,1,1,0
0,0,0,0,0,0,1,0,0,1,1,1,1,0,0,0,0,1,1
1,0,0,0,0,1,0,1,1,1,1,0,1,0,0,0,0,0,0
0,0,0,0,1,0,1,1,1,1,0,0,0,0,0,0,0,1,1
0,0,0,1,0,0,0,0,0,1,1,1,1,1,0,0,1,1,0
1,1,0,0,0,1,0,0,1,0,0,0,0,0,0,0,1,0,1
1,0,0,1,0,0,0,1,0,1,0,0,0,0,0,0,0,0,0
0,0,0,0,0,0,0,0,0,0,0,1,0,0,0,1,0,0,1
1,1,0,1,0,1,0,0,0,0,0,1,0,0,1,1,0,1,1
1,1,0,1,0,1,1,0,0,0,1,0,0,1,0,1,0,1,1
0,0,0,0,0,0,1,1,0,0,0,0,1,1,0,1,1,0,0
1,0,0,0,1,0,1,0,0,0,0,0,1,0,0,0,0,0,1
1,0,0,1,0,0,1,1,0,1,0,0,1,1,0,0,0,0,0
0,0,0,0,0,0,0,0,0,1,0,1,0,1,1,0,0,0,0
1,1,0,1,1,0,0,0,1,0,1,0,1,0,0,0,0,0,1
0,0,0,1,1,1,0,0,1,0,0,0,1,1,0,0,0,0,0
0,0,0,1,0,0,1,1,0,0,1,0,1,0,0,0,0,0,0
1,1,0,0,1,0,0,1,0,1,1,1,0,1,1,0,1,1,1
1,0,0,0,0,0,0,1,1,0,1,0,1,0,0,0,1,0,0
0,0,0,0,0,1,1,1,0,0,0,0,1,0,0,0,1,0,1
1,1,0,1,1,1,0,0,0,0,0,1,0,0,0,1,1,0,0
0,0,0,0,0,0,1,0,0,0,0,1,1,1,0,1,0,0,1
1,0,0,1,0,0,1,1,0,0,1,0,0,0,0,0,0,0,0
1,0,0,0,1,0,0,0,0,0,0,1,0,0,0,0,1,0,0
0,0,0,0,1,0,1,1,0,0,0,0,0,0,0,1,1,0,1
1,1,0,0,1,0,0,0,0,0,1,0,0,0,1,0,0,0,0
1,0,0,1,0,1,0,0,0,0,0,0,1,1,1,0,0,0,0
1,0,0,0,0,1,0,0,0,0,0,0,0,0,0,0,1,1,1
0,0,0,0,0,0,0,0,0,0,0,1,1,0,0,1,1,0,0
1,0,0,0,0,0,0,0,0,0,0,0,0,1,1,1,1,0,0
0,0,0,1,1,1,1,0,0,1,0,0,0,1,0,1,1,1,1
1,0,0,0,0,1,1,1,1,0,1,0,0,0,0,1,1,0,0
1,1,1,0,1,1,0,0,0,0,1,1,0,0,1,1,0,0,0
1,0,0,1,1,1,0,0,0,0,0,1,1,1,0,0,0,0,0
0,0,0,0,1,0,0,1,1,1,1,0,1,1,1,0,0,0,0
1,0,0,1,1,0,0,1,0,0,0,1,1,0,0,0,0,0,0
0,0,0,1,0,0,1,0,0,0,0,0,1,0,1,1,0,0,0
1,0,0,0,0,0,1,0,0,1,1,1,0,0,1,0,0,0,1
1,0,0,1,1,0,0,0,0,0,0,1,0,0,0,0,0,0,0
1,0,0,1,1,0,1,0,0,1,1,0,0,0,1,1,0,1,0
1,0,0,0,0,0,1,1,0,0,0,0,0,0,0,1,0,0,0
1,0,0,0,0,0,0,1,0,0,0,1,1,0,0,1,0,0,0
1,0,0,1,1,1,0,1,1,1,0,0,0,1,0,0,0,0,0
0,0,0,0,1,0,1,1,1,0,0,1,0,1,0,1,0,1,1
0,0,0,1,1,1,0,1,0,1,0,1,0,0,0,1,1,0,1
1,0,0,0,0,0,0,0,0,0,1,0,0,0,0,0,0,0,0
0,0,0,0,1,0,1,0,1,0,1,1,0,0,0,0,0,0,1
0,0,0,0,0,0,1,0,1,0,0,1,0,1,1,1,0,1,0
0,0,0,0,0,0,0,0,0,1,1,0,1,0,1,0,0,0,0
1,0,0,1,1,0,0,0,0,0,0,1,0,0,0,0,1,0,0
0,0,0,1,1,0,0,0,0,0,0,0,0,1,0,1,0,1,1
0,0,0,0,0,0,1,0,1,0,1,0,1,0,0,0,0,1,0
1,1,0,1,0,1,0,0,0,1,1,1,0,0,0,1,0,0,1
1,0,0,0,0,1,0,0,1,1,0,1,0,0,1,0,0,0,0
1,0,0,0,0,0,0,0,1,0,0,0,0,1,0,0,0,0,0
0,0,0,1,0,1,1,0,0,1,1,0,1,0,0,1,0,0,0
1,0,0,0,0,0,1,1,0,1,0,0,0,0,0,0,1,0,0
1,0,0,0,0,1,0,1,1,1,0,0,0,0,0,0,1,0,1
1,0,0,0,0,1,1,0,1,0,0,0,1,0,0,1,0,1,0
0,1,0,0,0,0,0,1,0,0,0,1,1,0,0,1,0,1,0
1,1,0,0,0,0,0,0,1,0,0,0,1,1,0,0,0,1,0
0,0,0,1,0,0,0,0,0,0,0,0,1,0,0,1,0,1,0
0,0,0,0,0,0,1,0,0,0,0,1,1,0,0,0,0,0,0
0,0,0,0,0,0,1,1,0,1,1,0,0,1,0,1,1,1,0
1,0,0,0,0,0,1,0,0,0,1,1,1,0,0,1,0,0,0
1,1,0,0,1,1,0,0,0,1,0,0,0,1,1,0,0,1,0
0,0,0,0,1,0,1,1,0,0,1,0,0,0,1,0,1,0,0
1,0,0,0,0,0,1,0,1,1,1,0,1,0,0,1,0,1,0
1,1,0,0,0,0,1,1,0,0,1,1,0,0,1,1,1,0,0
0,0,0,1,0,0,1,0,0,0,0,0,0,0,0,1,0,1,0
1,0,0,0,0,1,0,0,0,1,0,1,1,0,1,0,1,0,0
1,0,0,1,0,0,0,0,0,0,0,1,0,0,1,0,0,0,1
0,0,0,0,0,0,1,0,0,0,0,0,1,0,1,1,0,0,0
1,0,0,0,0,0,0,1,0,1,0,1,0,0,1,0,1,0,0
0,0,1,0,0,0,0,0,0,0,0,0,0,1,1,1,0,0,0
1,1,0,0,0,0,0,0,0,1,0,0,0,1,0,1,0,1,0
0,0,0,0,0,1,0,1,1,0,0,1,1,1,0,0,0,1,0
1,1,0,0,0,1,0,1,1,0,0,1,1,0,0,0,0,0,0
1,0,0,0,0,1,0,1,0,0,1,0,0,1,0,1,1,0,0
0,0,0,0,1,0,0,0,1,0,0,1,0,1,0,0,1,1,0
1,0,0,1,0,1,0,0,0,0,0,0,0,1,0,0,0,0,0
0,0,0,1,1,0,0,0,1,0,0,0,1,0,0,1,0,1,0
1,0,0,0,0,0,1,0,1,1,0,1,0,1,1,0,1,1,0
1,0,0,0,1,1,1,0,0,0,0,0,0,0,0,0,0,1,0
1,0,0,1,0,0,1,0,1,0,0,0,1,0,0,1,1,1,0
1,1,1,0,0,0,1,0,0,0,0,1,1,0,0,1,0,0,0
1,0,0,1,0,0,1,1,1,0,0,0,1,1,0,0,0,0,1
1,0,0,0,0,1,1,0,0,1,1,0,0,0,0,0,0,0,0
1,0,0,1,1,0,1,0,1,0,1,0,1,0,0,0,1,0,1
0,0,0,0,0,1,1,0,1,0,0,0,0,0,1,0,0,0,1
1,1,0,0,0,0,1,0,0,0,0,1,1,1,0,0,0,1,0
0,0,0,1,0,1,1,0,0,1,0,0,1,1,1,0,0,0,1
0,0,0,0,0,0,0,0,0,1,1,0,0,1,1,0,1,0,1
1,0,0,1,0,1,0,0,1,0,0,0,0,1,1,0,1,0,0
0,0,0,0,0,0,1,1,0,0,0,0,1,0,1,0,1,1,0
1,1,0,1,1,1,0,0,0,1,0,0,0,1,0,0,0,0,0
0,0,0,0,1,1,0,0,0,1,1,0,0,1,0,1,0,0,0
0,0,0,0,0,0,0,1,0,0,0,1,0,0,0,1,1,0,0
0,0,0,1,0,1,0,0,1,0,1,0,0,0,0,0,0,0,0
0,0,0,1,0,0,1,0,0,0,1,0,0,0,0,0,0,1,1
1,0,0,0,1,1,0,0,0,0,0,1,0,1,0,1,1,0,1
1,0,0,1,1,1,0,0,0,0,0,0,0,1,0,0,0,0,1
0,0,0,0,0,0,1,0,0,0,0,0,0,0,1,0,0,1,1
0,0,0,0,1,0,0,0,0,1,1,0,0,0,0,1,0,0,0
0,0,0,0,1,0,0,0,0,1,0,1,0,0,0,0,1,0,0
1,0,0,0,0,1,0,0,0,0,0,0,0,1,0,0,0,0,0
1,1,0,0,0,1,0,0,1,0,0,0,1,1,0,0,0,1,0
1,0,0,1,0,0,1,0,1,1,0,0,0,1,0,0,0,1,0
0,0,0,1,1,0,1,0,0,1,0,1,0,0,0,1,1,1,0
1,0,0,0,0,0,0,1,0,0,1,0,0,0,0,0,1,0,0
0,0,0,0,0,0,0,1,0,0,0,0,0,0,0,0,0,0,0
1,0,0,0,0,1,1,0,0,0,1,1,0,1,0,0,0,0,1
1,0,0,0,0,0,1,0,0,0,0,0,0,0,1,0,1,0,0
0,0,0,1,0,1,0,0,0,0,1,1,0,0,0,0,0,1,0
1,0,0,1,1,1,0,0,0,0,1,1,1,0,0,1,0,0,0
1,1,0,1,0,0,0,1,0,0,0,0,0,0,0,0,0,0,1
1,0,0,1,1,0,0,0,1,0,0,1,0,0,1,0,0,0,0
1,0,0,0,1,0,0,1,0,0,1,0,0,1,0,1,1,1,1
1,0,0,1,0,0,0,0,0,0,1,0,0,0,0,0,1,1,1
1,0,0,0,0,1,0,0,1,0,0,0,0,0,1,0,0,1,0
0,0,0,1,0,1,0,0,0,0,0,1,1,0,0,0,1,0,0
1,0,0,0,1,0,1,0,1,0,1,0,0,0,0,0,1,0,0
0,0,0,0,0,0,1,1,0,1,0,0,0,1,1,0,0,0,1
1,0,0,0,0,0,1,1,0,0,1,0,0,0,0,1,0,1,0
1,0,0,0,1,1,0,0,1,0,0,0,0,0,0,1,1,0,1
1,1,0,0,1,1,1,1,0,1,0,0,1,1,0,0,1,1,0
0,0,0,0,1,0,1,0,0,0,1,0,0,0,0,0,0,0,0
1,0,0,1,1,0,0,0,0,1,0,0,0,1,1,0,0,0,1
1,0,0,0,0,0,0,1,0,0,0,0,0,0,0,0,0,1,1
1,1,0,0,0,0,0,1,1,1,1,0,1,1,0,1,0,1,0
0,0,0,1,0,0,1,0,0,0,0,0,0,0,1,0,1,0,0
1,1,0,1,1,1,0,0,1,0,0,0,0,0,1,0,0,0,1
0,0,0,0,0,0,1,0,1,0,1,0,0,0,0,1,0,0,1
1,0,0,1,0,1,0,0,0,0,0,0,0,1,0,0,0,0,0
1,0,0,1,1,0,0,1,0,0,0,0,1,0,0,0,0,0,0
1,0,0,0,1,0,0,0,0,1,1,1,1,0,0,1,0,1,1
0,0,0,0,0,1,1,0,0,1,0,0,0,0,0,0,1,1,0
0,0,0,0,0,1,1,1,0,1,0,0,0,0,0,0,0,1,0
1,0,0,1,1,0,1,0,0,0,0,0,0,0,0,1,0,1,0
1,0,0,1,0,0,0,0,0,1,0,1,0,0,0,1,0,0,0
1,1,0,0,0,0,0,1,0,0,1,1,0,1,1,0,0,1,0
0,0,0,0,1,0,1,0,1,1,0,0,0,0,0,0,0,0,0
1,0,0,1,0,0,1,1,1,0,0,0,0,1,0,0,0,0,0
1,0,0,0,0,0,0,0,0,0,1,0,0,0,0,1,1,1,1
1,1,0,1,1,0,1,0,1,0,0,1,0,0,1,1,1,0,1
0,0,0,0,0,0,0,1,0,0,1,1,1,1,1,0,0,0,1
1,0,0,1,0,0,0,1,0,0,1,0,0,1,0,0,0,0,1
1,1,0,0,0,0,0,0,1,0,0,1,0,1,0,0,1,1,0
0,0,0,0,0,1,1,0,1,0,0,1,0,0,0,0,0,0,1
0,0,0,0,0,1,1,0,0,0,1,0,1,0,1,1,0,1,1
1,0,0,0,0,0,0,0,0,1,0,1,0,1,0,1,0,0,0
0,0,0,0,0,0,0,1,1,0,0,0,0,0,0,0,1,0,1
0,0,0,1,1,0,0,1,1,0,0,1,0,1,0,1,0,1,1
1,1,1,0,0,0,0,0,0,1,0,1,0,0,0,0,1,0,0
1,1,0,1,0,0,1,0,0,0,0,1,1,0,1,1,0,0,0
0,0,0,0,0,0,1,0,0,0,1,0,0,1,0,0,0,0,1
1,0,0,0,0,1,1,1,0,0,0,0,0,0,0,1,0,0,0
1,0,0,1,0,0,0,0,0,1,0,0,0,0,0,0,1,0,1
1,0,0,0,0,0,0,1,0,1,1,0,0,0,0,0,1,0,1
0,0,0,1,0,0,0,0,0,0,1,1,0,1,0,0,0,1,1
1,0,0,1,0,0,0,0,1,0,1,0,0,0,0,0,0,0,0
0,0,0,1,1,0,1,1,0,1,1,1,1,1,1,0,1,1,0
1,0,0,0,1,1,0,0,0,1,0,0,0,1,0,1,0,0,0
0,0,0,0,0,0,1,0,0,1,0,0,0,0,0,0,1,1,0
1,1,1,0,0,1,0,0,0,1,0,0,0,0,1,1,1,1,0
1,1,0,0,0,1,0,0,0,1,0,1,0,0,0,0,0,1,0
0,0,0,0,0,0,0,0,0,0,0,0,1,0,1,0,1,1,1
1,0,0,1,1,0,0,0,0,0,1,0,0,0,0,0,0,0,1
1,1,1,0,0,1,1,0,0,0,0,0,0,1,0,0,0,0,1
1,0,0,0,1,0,0,1,1,1,1,0,0,0,0,0,0,0,0
1,0,0,0,0,0,0,1,0,0,0,0,0,1,0,0,0,0,1
0,0,0,1,1,0,1,1,0,0,1,0,1,0,0,0,0,0,0
1,0,0,0,1,0,0,0,0,0,0,0,1,1,1,1,1,1,0
1,0,0,0,0,1,1,0,0,1,0,0,0,0,0,1,0,0,1
1,0,0,0,1,0,0,1,0,0,1,1,0,0,0,0,0,0,0
1,0,0,1,0,1,0,1,0,1,0,0,0,1,0,0,0,0,1
1,0,0,0,0,0,0,0,0,1,1,0,0,0,0,0,1,0,0
1,0,0,1,0,1,0,0,0,0,0,0,1,0,1,0,0,0,0
0,0,0,0,0,0,0,0,0,1,1,1,1,0,0,0,0,1,1
0,0,1,0,0,1,0,0,0,1,1,1,0,0,1,0,0,0,1
0,0,0,1,0,0,1,1,0,1,1,0,1,0,0,0,0,1,0
0,0,0,0,0,0,1,0,0,0,0,1,0,0,0,0,0,1,1
1,1,0,1,0,1,0,0,0,0,0,0,0,0,1,1,0,0,0
1,0,0,0,0,1,0,1,0,0,1,0,0,0,0,0,0,0,0
0,0,0,0,1,1,1,0,0,1,1,1,1,0,0,0,0,1,0
0,0,0,0,0,0,0,0,0,0,0,0,0,0,1,0,0,1,0
1,0,0,0,0,0,1,0,0,1,1,0,0,0,0,1,0,0,0
0,0,0,0,1,0,0,1,1,1,0,1,1,0,0,0,0,1,0
0,0,0,0,0,1,0,0,1,1,0,0,1,0,0,1,0,0,0
1,0,0,0,1,0,0,0,0,0,0,0,0,0,1,0,0,0,1
1,0,0,0,1,0,1,0,1,1,0,1,0,0,1,1,0,0,0
0,0,0,0,1,0,1,1,0,1,0,0,1,0,0,0,1,0,1
1,0,0,1,1,1,0,0,0,0,0,0,0,0,0,0,0,0,1
1,1,0,1,0,0,0,0,0,0,1,0,0,1,1,1,1,0,0
1,1,1,0,0,0,0,0,0,0,0,1,1,0,0,0,1,1,1
0,0,0,0,0,1,1,0,0,1,0,1,0,0,0,0,1,1,1
0,0,0,1,0,1,0,1,0,0,1,1,0,1,0,0,0,1,1
0,0,0,1,0,0,0,0,0,1,0,0,0,0,0,1,1,0,0
1,0,0,1,1,0,0,0,1,1,0,1,0,1,0,1,0,0,1
0,0,0,0,0,0,0,1,0,1,0,1,1,0,0,0,0,0,0
1,0,0,0,0,0,0,0,0,0,1,0,0,0,0,1,0,0,0
0,0,0,0,0,0,0,1,0,1,1,0,0,0,1,1,0,0,0
0,0,0,1,0,1,1,0,1,0,1,0,0,0,0,0,0,0,1
1,1,0,1,0,0,0,0,0,0,0,1,1,0,0,0,1,1,0
1,0,0,0,0,1,0,1,0,0,0,0,0,0,0,1,0,0,0
1,1,1,1,0,0,0,0,0,0,1,1,0,0,1,1,0,0,0
0,0,0,0,0,1,0,1,1,0,1,1,0,0,0,0,1,0,1
0,0,0,0,0,0,0,0,0,0,1,1,0,1,0,1,0,0,0
0,0,0,1,0,0,1,0,1,1,1,0,1,1,1,0,0,0,0
1,0,0,0,1,1,0,0,0,1,0,0,0,0,0,0,0,0,1
1,0,0,0,0,1,1,0,0,0,0,0,1,0,0,1,0,1,0
1,0,0,1,1,1,0,0,1,0,0,0,0,0,0,0,0,1,0
1,0,1,0,0,0,0,0,0,0,0,1,0,0,0,0,1,1,0
0,1,0,1,0,1,0,0,1,1,0,1,1,0,1,0,0,0,0
0,0,0,1,0,0,0,0,0,0,0,0,1,1,0,0,0,1,0
0,0,0,0,0,0,0,1,0,1,1,0,0,1,0,1,0,0,0
1,0,0,0,0,0,0,1,0,0,1,1,0,1,0,1,1,1,1
1,1,0,1,1,0,0,0,0,0,0,1,0,0,0,1,0,0,1
1,1,0,0,0,0,0,0,1,0,0,0,0,1,0,1,0,1,0
0,1,1,1,0,0,1,0,1,0,0,0,0,1,1,1,1,1,1
0,0,0,0,1,0,1,1,0,0,0,0,0,0,1,0,1,0,0
0,0,0,0,0,1,0,0,0,0,1,1,1,0,1,0,1,0,0
0,0,0,0,1,0,0,0,1,0,0,1,1,1,1,0,1,0,1
0,0,0,0,0,1,1,0,0,1,0,0,0,0,1,0,0,1,0
0,0,0,0,0,1,0,0,0,0,0,0,0,1,0,1,0,0,0
1,0,0,1,0,0,1,1,1,1,0,1,0,0,1,0,1,0,1
0,0,0,0,1,0,1,0,1,1,1,0,0,1,1,0,0,1,0
0,0,0,0,0,0,0,0,0,0,1,1,0,0,0,0,0,0,0
0,0,0,1,0,0,0,1,0,0,1,0,1,0,0,1,0,0,0
0,0,0,0,0,0,0,1,0,0,1,1,1,1,0,0,0,0,0
1,1,0,1,0,0,0,0,1,1,0,0,0,1,0,1,0,1,0
0,0,0,0,0,0,0,0,0,1,0,1,1,0,0,1,1,1,0
1,0,0,1,1,1,1,1,0,1,0,1,1,1,0,0,1,0,0
0,0,0,1,0,1,0,1,1,0,0,0,0,1,0,1,0,1,0
0,0,0,0,0,0,1,0,0,0,0,0,0,1,0,0,0,1,1
0,0,0,1,0,1,0,1,0,0,0,1,0,1,1,1,1,1,0
1,0,0,0,0,0,0,0,0,0,0,0,0,0,0,1,1,0,1
1,0,0,1,0,1,0,0,0,0,1,1,0,1,0,0,1,0,0
0,0,0,1,1,0,0,0,0,0,0,0,0,0,0,0,0,0,1
0,0,0,1,0,0,1,1,0,1,1,0,1,0,0,1,0,0,1
0,0,0,1,0,0,0,0,0,1,1,0,1,0,0,0,0,0,0
1,0,0,0,1,0,0,1,0,0,1,0,1,1,1,1,1,0,1
0,0,0,0,1,0,0,1,0,1,1,0,0,1,0,0,0,0,0
1,1,0,0,0,1,0,0,0,1,0,0,1,0,1,0,1,0,0
1,0,0,1,1,0,0,0,0,0,0,0,0,0,1,0,0,1,0
1,0,0,0,0,0,0,0,0,1,0,0,0,1,1,0,1,1,1
0,0,0,0,0,0,1,1,0,0,1,1,0,1,1,0,0,1,1
0,0,0,0,0,0,0,0,0,0,0,0,1,1,0,0,0,0,0
1,0,0,1,0,0,1,0,1,1,1,0,1,1,1,1,1,0,1
0,0,0,0,0,1,0,1,0,1,0,1,0,0,1,1,1,0,1
0,0,0,0,0,0,0,0,0,0,1,0,1,0,0,0,1,1,0
0,0,0,0,0,1,0,0,0,1,1,1,0,1,1,1,1,0,1
1,1,0,0,0,1,0,1,1,0,1,1,1,1,1,0,1,0,1
1,1,1,0,0,1,1,0,0,0,1,1,1,0,0,1,1,0,0
1,0,0,0,0,0,0,0,1,0,0,0,0,0,0,0,0,1,0
1,0,0,0,0,0,0,0,1,0,0,0,0,1,0,1,0,1,0
1,0,0,1,0,0,0,1,0,0,0,0,0,1,0,0,0,0,1
1,0,0,0,0,0,0,0,0,0,1,1,1,1,0,0,0,0,0
0,0,0,0,1,0,0,0,0,1,1,0,1,0,1,0,0,0,0
1,0,0,0,0,0,1,0,0,0,0,0,0,0,0,1,1,0,0
0,0,0,0,1,0,0,0,1,0,1,0,0,0,0,0,0,0,1
0,0,0,1,0,1,0,0,1,0,1,0,0,0,0,0,0,1,0
0,0,0,0,0,0,1,0,0,0,0,0,0,1,1,0,1,0,1
0,0,0,0,1,1,1,0,0,0,0,0,0,1,1,0,0,0,1
1,0,0,0,0,0,1,0,0,0,0,0,1,1,0,1,1,0,0
1,0,0,1,1,1,0,0,0,1,0,1,0,0,1,0,0,1,0
0,0,0,0,0,1,1,1,0,0,0,0,0,0,0,0,0,1,0
0,0,0,0,0,0,0,0,0,1,0,0,0,0,0,1,0,0,0
1,0,0,0,0,0,1,0,0,0,0,0,1,1,0,1,0,0,1
1,0,0,1,0,1,0,1,0,1,0,0,0,0,0,0,1,1,0
1,0,0,0,0,0,1,1,0,0,1,0,1,1,0,0,0,0,1
1,0,0,1,1,0,0,0,0,0,0,1,0,1,0,0,0,1,0
1,0,0,0,0,0,0,0,1,0,0,0,0,0,0,0,0,1,0
0,0,0,1,0,0,1,0,1,0,0,0,0,0,1,0,1,0,0
1,0,0,0,0,1,0,0,0,1,0,0,0,0,1,0,0,0,0
0,0,0,0,0,0,1,0,1,0,0,1,1,0,0,0,0,0,1
1,1,0,1,1,0,0,1,1,0,1,0,0,1,0,0,0,0,0
0,0,0,1,0,1,0,0,0,0,0,1,1,0,0,1,0,1,0
0,0,0,1,0,1,0,1,0,1,1,0,0,1,1,1,0,0,0
0,0,0,1,0,0,1,0,0,0,0,1,0,0,0,0,0,0,0
0,0,0,0,0,1,0,0,0,0,0,0,1,0,1,1,1,0,0
0,0,0,0,0,0,1,0,1,1,1,0,0,1,0,1,1,1,0
1,1,0,0,1,1,1,0,0,0,0,0,0,0,0,0,0,0,1
1,0,0,0,1,1,0,0,1,0,1,0,0,1,0,0,1,0,1
0,0,0,0,0,1,0,1,0,0,0,0,0,0,0,0,0,0,0
0,0,0,0,0,0,0,0,1,0,0,1,1,0,0,1,0,0,0
1,0,0,1,0,0,0,0,0,0,1,0,0,0,1,1,1,1,0
0,0,0,0,0,0,0,0,0,1,0,0,0,0,0,0,1,0,0
1,1,0,0,0,0,1,0,0,0,0,1,1,0,0,0,0,0,0
0,0,0,0,0,0,0,0,1,1,0,1,1,0,0,0,0,0,0
1,0,0,0,0,0,0,0,0,0,1,1,1,0,0,0,0,0,0
0,0,0,0,1,1,1,0,0,0,0,1,0,0,0,1,0,0,0
1,1,0,1,0,1,1,0,1,0,0,0,0,0,0,0,0,1,0
0,0,0,0,0,0,0,1,0,0,1,1,0,1,0,0,0,0,0
1,1,0,1,0,0,0,1,0,0,0,0,0,1,0,1,1,0,0
0,0,0,0,1,1,1,0,0,0,0,1,0,0,1,0,0,1,0
1,0,0,1,1,1,1,0,0,1,0,0,0,0,0,1,0,1,0
1,1,0,0,0,1,0,1,0,0,0,0,0,1,1,0,0,0,0
1,0,0,0,0,0,0,1,1,0,1,0,1,1,0,0,0,0,0
1,0,0,0,1,1,0,1,0,0,1,1,0,0,0,0,0,0,1
1,0,0,0,0,0,0,0,1,0,0,1,1,0,0,0,1,0,1
0,0,0,0,1,1,0,0,0,0,0,0,0,0,0,0,0,0,1
1,0,0,1,0,0,0,1,0,1,1,1,0,1,0,1,0,0,1
1,0,0,0,1,0,0,0,1,1,1,0,0,1,0,1,1,0,0
1,0,0,0,0,0,0,1,1,0,0,1,1,0,1,0,0,0,0
0,0,0,1,0,1,0,0,1,0,0,0,1,0,1,1,0,0,0
1,0,0,0,1,0,0,0,0,0,0,1,1,0,0,0,1,0,0
0,0,0,0,1,0,0,0,0,0,0,0,0,0,1,1,0,0,1
0,0,0,0,0,1,0,0,0,0,0,0,0,0,0,0,0,0,0
1,0,0,1,1,0,1,0,0,0,1,0,1,0,1,0,1,0,1
0,0,0,0,0,0,1,1,0,0,0,0,0,0,1,1,1,0,0
0,0,1,0,0,0,0,0,0,0,1,0,1,1,1,1,1,0,0
0,0,0,1,0,0,0,1,1,1,0,1,1,1,0,0,1,0,1
0,1,0,0,0,0,0,0,0,1,0,0,1,0,0,0,0,0,0
0,0,0,0,0,0,1,1,0,0,1,0,0,0,0,1,1,0,1
0,0,0,0,1,0,1,1,1,0,0,0,0,0,0,1,0,1,0
0,0,0,0,0,0,0,0,0,1,0,1,1,1,1,0,1,1,0
0,0,0,0,0,0,0,0,1,0,1,0,0,1,1,1,1,1,1
1,0,0,1,1,1,1,1,1,0,1,1,1,1,0,0,0,1,0
0,0,0,1,0,0,1,1,0,0,0,0,0,0,0,0,0,1,0
0,0,0,0,0,0,1,0,1,0,1,0,1,0,1,0,1,0,0
1,0,0,0,0,0,0,1,1,0,0,1,0,0,0,0,0,1,1
1,0,1,1,1,0,1,0,0,0,0,0,1,0,0,1,0,1,1
0,0,0,0,0,0,0,0,1,1,1,0,0,1,0,1,0,0,1
1,0,0,0,0,0,0,1,1,0,0,0,1,0,0,0,0,0,0
0,0,0,0,1,0,0,1,0,0,0,1,0,1,1,1,0,0,1
1,0,0,1,0,1,0,0,1,0,0,0,0,1,1,0,1,1,0
1,0,0,0,1,0,0,0,1,0,0,0,0,0,0,1,0,0,0
1,0,0,0,1,0,0,0,1,1,0,1,0,1,1,1,1,1,0
1,1,0,0,0,1,0,1,0,0,0,0,0,0,0,1,1,1,1
1,0,0,0,0,1,0,1,0,0,0,0,1,0,0,1,0,0,0
1,0,0,0,0,0,1,1,0,0,1,0,1,0,0,1,1,0,0
0,0,0,1,1,1,1,0,0,0,1,1,0,0,1,1,0,0,0
1,1,0,0,0,0,1,0,1,1,1,0,0,0,0,0,0,0,0
1,1,0,0,0,1,1,0,0,0,0,1,0,1,0,0,1,1,1
0,0,0,0,0,0,0,1,0,1,0,0,1,0,0,0,0,0,1
1,0,0,0,0,0,1,0,0,0,0,0,1,1,1,0,0,0,1
0,0,0,1,0,0,0,0,1,1,0,1,0,0,1,0,0,1,1
0,0,0,0,1,1,1,1,1,0,0,0,0,0,0,0,0,0,0
1,0,0,0,0,1,1,0,1,1,1,1,1,0,0,1,0,0,0
0,0,0,0,0,0,0,1,0,0,0,1,0,0,0,1,0,1,1
0,0,0,0,0,0,1,0,1,1,0,1,0,0,1,1,0,0,0
1,0,0,1,1,0,1,1,1,1,1,0,1,0,0,0,0,0,0
0,0,0,1,0,0,0,0,0,0,0,0,0,1,0,1,0,1,0
0,0,0,0,1,1,0,0,1,1,0,1,0,1,0,1,0,1,0
0,0,0,0,1,1,1,1,0,0,1,1,0,0,0,0,1,0,0
1,0,0,0,0,0,0,1,0,0,0,0,0,0,0,0,0,0,1
1,1,0,1,1,1,0,1,0,1,0,0,0,0,1,0,0,0,1
1,0,0,1,1,0,0,0,1,1,0,0,0,1,1,0,0,1,0
0,0,0,1,0,1,0,0,0,0,0,0,0,0,0,1,1,0,0
1,0,0,0,0,1,1,1,0,0,0,0,1,0,0,0,1,0,0
1,1,0,0,1,0,0,1,0,0,0,0,1,0,0,0,0,0,0
1,0,0,1,1,0,1,1,1,0,0,0,0,0,0,0,1,1,0
0,0,0,1,0,0,0,0,0,0,0,0,0,0,0,0,1,1,1
1,0,0,0,0,1,1,0,0,0,1,1,1,1,1,0,0,1,0
0,0,0,0,1,0,0,0,1,0,0,0,0,0,0,1,0,1,0
1,0,0,0,0,0,0,0,0,1,1,0,1,1,0,0,0,0,0
1,0,1,1,1,1,0,0,0,1,0,1,0,0,1,0,0,1,1
0,0,0,1,0,0,0,0,1,1,0,0,0,0,1,0,1,1,1
1,1,0,1,0,1,0,1,1,0,0,0,0,0,0,0,1,0,0
1,1,0,1,0,0,0,0,0,0,1,0,0,0,0,0,1,1,0
0,0,0,1,1,0,0,0,1,0,1,1,1,0,0,1,0,0,0
0,0,0,0,1,1,1,1,0,1,1,1,1,0,0,1,1,0,1
0,0,0,0,0,0,1,0,1,0,1,1,0,0,0,0,0,1,0
0,0,0,1,0,0,0,1,0,0,0,0,1,1,0,1,0,1,0
1,0,0,0,1,0,0,1,1,1,0,0,0,1,1,1,0,0,0
1,0,0,1,1,1,0,0,0,0,0,1,0,0,0,0,0,0,0
0,0,0,0,1,0,0,1,0,0,0,0,1,0,0,0,1,1,1
1,1,0,0,1,1,1,1,1,0,1,0,0,0,0,0,0,0,1
1,1,1,1,0,0,0,0,0,0,1,0,1,0,1,1,1,0,0
0,0,0,0,0,1,0,1,1,0,1,1,1,1,0,0,0,1,0
1,0,0,1,0,1,1,1,0,0,0,0,0,0,1,0,0,0,0
0,0,0,1,0,0,0,1,0,1,1,0,0,0,0,0,0,0,0
1,0,0,0,0,0,1,1,1,0,0,0,0,1,0,0,1,0,0
0,0,0,0,1,1,0,1,1,0,0,1,0,1,0,0,1,0,0
1,0,0,0,0,0,0,0,0,0,0,1,1,0,1,1,0,1,0
1,0,0,1,0,0,0,1,0,0,0,0,1,0,1,0,1,0,1
0,0,0,0,0,0,0,0,1,0,0,0,1,0,0,0,0,0,1
0,0,0,0,0,0,0,0,1,0,0,0,1,0,0,1,0,1,0
1,1,0,0,1,0,0,0,0,0,0,1,0,1,0,1,0,0,1
1,0,0,1,0,0,1,0,0,0,0,1,0,0,0,1,0,0,1
1,1,1,1,1,0,0,0,1,0,0,0,0,0,1,0,0,0,1
1,1,0,1,1,0,1,0,1,1,0,1,0,1,1,0,0,0,0
1,0,0,0,0,0,0,1,0,0,0,1,0,0,1,0,1,0,0
1,0,0,0,0,1,0,0,0,0,0,0,1,0,0,1,0,0,1
1,0,0,0,0,1,0,0,1,0,1,1,0,0,0,0,0,1,0
1,1,0,1,0,0,0,1,1,0,0,1,0,0,1,0,0,1,1
0,0,0,0,0,1,0,0,0,0,0,0,1,1,0,1,0,0,0
0,0,0,0,0,0,1,0,0,1,0,1,0,0,0,1,0,0,0
0,0,0,0,0,0,1,1,1,1,0,0,0,0,0,0,0,0,1
0,0,0,0,0,0,0,0,0,0,0,0,1,0,0,0,0,1,1
1,0,0,0,0,0,0,1,0,0,0,0,1,0,0,1,0,0,1
0,0,0,0,1,0,1,0,1,0,0,0,0,0,1,0,0,1,0
1,0,0,0,0,0,0,0,1,0,0,0,0,0,1,0,0,0,1
1,0,0,0,0,1,0,0,1,0,0,0,0,0,1,0,0,0,0
0,0,0,0,0,0,0,1,1,0,0,1,0,0,1,1,0,0,0
0,0,0,1,0,1,1,0,0,1,1,0,0,1,1,0,0,1,0
1,0,0,0,0,1,1,0,1,0,0,0,1,1,0,0,0,0,1
0,0,0,0,0,0,1,1,1,1,0,1,0,0,0,1,1,1,0
0,0,0,0,0,0,0,1,0,1,0,1,1,0,0,0,0,0,1
1,0,0,1,0,1,0,1,0,0,0,1,1,1,0,0,1,1,1
1,1,0,0,0,0,0,0,0,1,0,1,0,0,1,0,0,1,1
1,0,0,0,1,0,1,0,0,0,0,0,0,0,0,0,0,1,1
0,0,0,0,1,0,1,1,0,0,1,0,1,0,0,0,0,0,1
0,0,0,0,0,1,1,0,1,1,0,1,0,1,0,0,0,1,1
0,0,0,1,0,0,0,0,0,1,0,1,0,0,0,0,0,0,0
0,0,0,0,0,1,0,0,1,0,0,0,0,0,1,0,0,1,0
1,0,0,0,0,0,0,0,1,0,0,0,0,0,0,1,0,1,0
1,0,0,1,0,0,0,0,1,0,0,1,1,0,0,0,1,0,0
1,0,0,1,1,1,0,0,0,0,1,0,0,0,1,0,0,0,0
1,0,0,0,0,0,1,1,0,0,1,1,0,0,0,1,0,0,0
0,0,0,0,0,1,1,1,1,1,1,1,0,0,0,0,0,0,1
1,0,0,0,0,1,0,0,0,0,0,0,0,1,0,0,0,1,0
0,0,0,0,0,0,1,0,0,0,0,0,0,0,1,1,0,1,1
1,0,0,1,1,0,1,0,0,0,1,0,0,0,0,0,0,0,0
0,0,0,0,0,0,0,0,0,0,1,0,1,0,0,0,0,0,0
1,1,0,0,0,0,0,0,0,1,0,1,0,1,0,0,0,1,0
0,0,0,1,0,0,0,0,1,0,0,0,1,1,1,0,0,0,0
1,1,0,0,1,1,1,0,0,0,0,0,0,0,0,0,1,0,1
0,0,0,0,1,0,0,0,0,1,0,1,0,0,0,0,1,1,0
0,0,0,0,0,0,0,1,0,0,1,1,0,1,0,1,0,0,0
1,0,0,0,0,0,1,0,0,1,0,0,0,0,0,0,0,1,0
0,0,0,0,0,1,0,1,1,1,0,1,0,0,0,0,0,1,1
0,0,0,0,1,0,1,0,1,0,1,0,0,0,0,0,0,0,0
1,0,0,0,0,1,1,0,0,0,0,1,0,1,1,0,0,1,0
0,0,0,1,1,1,0,0,0,0,0,1,0,0,0,0,1,0,1
0,0,0,1,0,0,0,1,0,1,0,1,1,0,0,0,1,0,0
0,0,0,1,0,0,0,1,0,1,1,1,0,0,0,1,1,0,0
0,0,0,1,1,0,0,1,0,0,1,0,0,0,1,1,0,0,0
0,0,0,0,0,0,1,1,0,0,0,1,0,0,1,0,0,1,0
1,0,0,0,1,0,0,0,0,0,0,0,0,1,0,0,0,0,0
1,0,0,0,1,0,0,0,0,0,0,0,1,0,0,0,0,0,0
1,1,0,1,1,0,0,0,0,0,0,0,0,0,1,1,1,0,1
1,0,1,1,1,0,0,0,0,0,1,1,0,0,0,0,0,0,0
1,0,0,1,1,0,0,0,0,0,1,0,1,0,0,0,0,0,0
0,0,0,0,1,1,1,0,1,1,0,0,1,1,0,0,0,0,0
0,0,0,1,0,0,0,0,0,0,0,0,0,1,1,0,0,0,0
1,0,0,1,0,0,0,1,0,0,1,0,0,0,0,0,0,1,0
0,0,0,0,0,0,0,0,1,0,1,1,1,0,0,0,1,0,0
1,0,0,0,0,0,1,0,1,1,1,0,1,0,0,1,0,0,1
0,0,0,0,0,0,0,0,0,0,0,0,0,0,0,0,0,1,0
1,1,0,1,0,0,0,0,0,0,1,0,0,0,0,0,1,1,0
1,0,0,1,1,0,0,1,0,0,1,0,1,1,0,0,0,1,1
1,1,0,1,0,0,1,0,0,0,0,1,1,0,0,1,0,0,1
0,1,0,0,1,0,0,0,0,1,1,1,0,1,0,0,0,1,1
1,0,0,1,0,1,0,0,0,0,0,0,1,1,0,0,1,1,0
1,1,0,1,0,0,0,1,1,0,0,1,0,1,1,0,0,1,0
1,0,0,0,0,0,0,0,1,0,0,1,0,0,0,0,1,0,0
0,0,0,0,0,1,1,0,1,0,0,0,0,1,0,1,0,0,0
0,0,0,0,0,0,1,0,0,1,0,0,0,0,1,0,0,0,0
0,0,0,0,0,1,1,1,0,1,0,0,0,0,1,1,0,0,0
1,0,0,0,0,1,0,1,1,0,0,0,1,1,0,1,1,1,0
0,0,0,0,1,0,1,0,1,0,0,0,1,0,0,0,0,1,0
1,1,0,0,0,1,0,0,0,0,1,1,1,0,0,1,1,0,0
0,0,0,0,1,1,0,0,0,0,1,0,1,1,0,0,1,1,1
0,0,0,1,0,0,1,1,1,1,0,0,0,1,0,0,0,1,1
1,1,0,0,1,1,1,0,0,0,0,1,0,0,0,0,0,0,0
0,0,0,0,1,1,1,1,0,0,0,0,0,1,0,0,0,0,0
0,0,0,0,0,1,0,0,0,0,1,1,0,0,0,0,1,0,0
0,0,0,0,1,1,1,1,0,0,0,0,0,0,0,1,0,0,0
0,0,0,0,0,1,0,1,0,1,0,1,0,0,1,0,0,0,1
1,0,0,0,0,0,1,0,1,0,0,0,0,1,0,1,0,1,0
0,0,0,0,0,0,1,1,0,0,0,0,0,0,1,1,0,1,1
1,1,0,0,0,0,0,0,1,1,0,0,0,0,1,1,1,0,0
1,0,0,1,0,0,0,0,1,0,0,0,0,0,0,0,0,1,1
1,0,0,0,1,0,0,0,1,0,0,0,1,0,0,0,1,1,1
0,0,0,0,1,1,0,0,0,0,0,0,1,0,0,0,1,0,1
1,1,0,0,1,1,1,0,1,0,0,0,0,0,0,0,0,1,0
1,0,0,1,1,0,1,0,0,1,0,0,1,0,1,0,1,0,1
0,0,0,1,1,0,0,0,0,1,1,0,0,0,0,1,0,0,1
1,1,0,1,0,1,0,0,1,1,1,1,0,0,0,0,1,0,0
1,0,0,0,1,0,1,1,0,0,1,0,0,0,1,0,0,0,1
1,0,0,1,0,0,0,0,0,1,1,1,0,0,1,0,1,0,0
1,1,1,0,0,0,0,1,0,1,0,0,1,1,0,0,0,0,1
0,0,0,1,0,0,1,1,0,0,0,0,0,1,1,0,0,0,1
1,0,0,1,0,1,0,0,0,1,1,0,0,0,1,0,0,0,0
0,0,0,0,1,1,1,0,0,0,0,0,0,0,0,1,0,0,1
0,0,0,0,1,0,0,1,0,0,0,0,0,0,1,1,0,0,0
1,0,0,1,0,1,0,0,1,0,0,0,1,0,1,0,0,0,1
0,0,0,1,0,1,0,0,1,1,1,0,0,0,1,0,0,0,0
0,0,0,0,1,0,0,0,0,0,1,1,0,0,1,1,0,0,0
1,0,0,0,0,0,1,1,1,1,1,0,0,0,0,0,1,0,0
1,0,0,1,0,0,1,1,0,0,0,0,0,0,0,0,0,0,0
0,0,0,0,1,0,1,0,1,0,1,0,1,0,1,0,0,0,0
0,0,0,1,1,0,1,1,0,0,1,0,0,0,0,0,0,0,1
1,1,0,0,0,0,0,1,0,0,0,1,0,0,0,1,0,0,0
0,0,0,1,1,1,0,0,0,0,1,0,0,1,1,1,0,0,0
0,0,0,0,1,1,1,0,0,1,0,1,1,0,0,0,1,1,0
0,0,0,1,0,0,1,0,1,0,1,0,1,0,1,1,1,1,0
0,0,0,0,0,0,0,0,0,0,0,0,0,0,1,1,0,0,1
0,0,0,1,1,0,0,0,0,0,0,0,0,0,1,0,0,1,1
0,0,0,0,1,0,0,1,0,1,0,0,0,0,1,0,1,1,0
1,0,0,0,1,1,1,0,1,0,0,1,1,1,0,0,1,0,0
0,0,0,0,1,0,1,0,0,0,0,0,0,0,0,0,1,0,0
1,1,0,1,0,0,1,0,0,0,1,0,0,1,1,0,0,0,1
1,0,0,0,1,0,0,0,1,0,0,0,0,0,0,0,0,1,0
1,0,0,0,1,0,1,1,1,0,0,1,0,0,1,0,0,0,0
0,0,0,1,0,1,0,0,0,1,1,0,1,1,0,1,0,0,0
1,1,0,1,0,1,0,0,0,0,0,0,0,1,0,1,1,0,1
0,0,0,0,1,1,0,1,0,0,0,0,1,1,1,1,0,0,0
0,0,0,0,0,0,1,0,0,0,0,0,1,0,0,1,0,0,1
1,0,0,0,0,0,1,0,0,0,1,0,1,0,0,0,0,0,0
1,1,0,0,0,0,1,1,1,1,0,0,0,0,1,1,0,1,1
0,0,0,0,0,1,0,0,0,1,0,1,1,0,1,0,0,0,0
0,0,0,0,1,0,0,0,1,1,0,0,0,0,1,0,0,1,0
1,0,0,0,1,1,0,0,1,0,1,1,0,0,1,0,0,0,0
1,1,1,1,1,0,0,0,0,1,0,0,0,0,1,0,0,0,0
0,0,0,1,0,1,0,0,0,0,0,0,0,0,0,0,0,0,1
1,1,0,0,1,0,0,0,0,1,1,0,0,1,1,0,1,0,0
0,0,0,0,0,1,0,0,0,0,0,0,0,0,0,0,0,0,0
1,0,0,0,0,1,0,0,0,0,1,0,1,1,0,0,0,1,0
0,0,0,0,1,1,1,0,0,0,1,1,0,0,0,0,0,0,1
0,0,0,0,0,0,0,1,0,0,1,1,0,0,0,0,0,1,1
1,1,1,1,0,0,0,1,0,0,0,0,0,0,1,0,0,0,0
1,0,0,0,0,1,1,0,0,0,0,0,0,1,1,1,0,0,0
1,0,0,0,1,1,1,1,1,1,0,0,1,0,0,1,0,0,0
1,0,1,1,0,0,0,1,0,0,1,0,1,0,0,0,0,0,0
1,0,0,0,1,0,0,0,0,0,0,1,0,0,0,1,0,0,0
0,0,0,0,0,0,0,1,0,0,0,1,1,0,0,1,1,1,0
1,0,0,1,0,0,0,0,0,0,1,0,1,0,0,0,0,0,0
1,1,1,0,0,0,1,0,0,0,0,0,0,1,0,0,0,0,0
1,0,0,0,0,1,1,0,1,0,1,1,1,1,1,0,1,0,0
0,0,0,0,0,0,0,0,0,0,0,0,1,0,1,0,1,1,1
1,1,0,0,0,1,1,0,0,0,1,1,0,0,1,0,0,0,0
0,0,1,0,0,0,0,0,0,1,1,0,0,0,0,0,1,1,1
0,0,0,0,0,1,1,0,1,0,1,0,0,0,0,1,0,0,0
0,0,0,0,1,0,0,0,1,0,1,0,0,0,1,1,0,1,1
1,1,0,0,0,0,0,1,1,0,1,0,0,0,0,0,1,1,0
1,1,0,0,1,1,1,0,0,0,0,0,0,1,0,0,0,0,1
1,0,0,1,0,1,0,1,1,1,1,1,0,0,0,0,0,1,0
0,0,0,1,1,0,1,0,0,0,1,0,1,0,1,0,0,0,0
1,0,0,1,1,1,0,0,0,0,1,0,0,0,1,1,0,0,0
0,0,0,1,1,0,1,1,1,0,0,0,0,1,0,1,0,0,0
0,0,0,0,0,1,1,0,0,0,0,1,1,0,0,0,0,0,0
1,1,1,0,1,0,0,1,0,0,0,0,1,0,1,1,1,0,1
1,1,0,0,1,0,0,0,0,1,0,0,0,0,1,1,1,0,0
0,0,0,1,0,0,1,1,0,0,0,1,1,0,0,1,0,0,1
1,1,0,0,0,0,0,0,1,0,0,0,1,0,0,1,1,1,0
0,0,0,1,0,0,0,0,0,0,1,1,1,0,0,0,0,1,0
1,0,0,1,0,0,0,0,1,0,1,0,1,0,0,0,0,0,0
0,0,0,1,1,1,0,0,0,0,0,1,0,0,0,0,1,1,1
1,0,0,0,0,0,1,0,1,0,1,0,1,0,0,0,0,0,1
1,0,0,1,1,0,0,0,1,1,0,0,0,0,0,1,0,0,0
0,0,0,0,0,0,0,0,0,1,0,0,0,1,0,0,0,1,1
0,0,0,0,1,0,1,0,0,1,0,0,1,1,1,0,0,1,0
1,0,0,1,0,0,0,0,1,1,0,1,0,0,0,0,1,1,1
0,0,0,0,1,0,1,0,0,0,0,0,1,0,1,0,0,0,0
0,0,0,0,0,0,0,0,0,0,0,1,1,0,0,0,0,1,0
1,1,0,1,1,1,0,0,1,1,1,0,0,0,0,0,0,0,0
1,1,0,1,0,1,0,1,0,0,0,0,1,0,1,1,0,0,0
1,1,0,0,0,0,0,0,0,1,0,0,0,0,0,1,0,1,1
0,0,0,1,1,1,1,1,1,0,1,0,0,1,0,0,0,0,0
1,0,0,1,0,0,0,0,0,0,0,0,0,0,0,1,0,0,1
1,0,0,1,0,1,0,1,0,0,1,0,0,1,0,0,0,0,1
1,0,0,0,0,0,0,0,0,0,0,0,1,1,0,0,1,1,1
1,0,1,0,0,1,0,0,1,1,1,1,1,0,0,0,0,0,1
1,0,0,0,1,0,0,1,0,0,1,0,0,0,1,0,1,0,1
1,0,0,0,0,0,0,0,1,0,0,0,0,1,0,0,0,0,1
1,0,0,0,0,0,1,0,0,1,0,0,1,1,0,1,0,0,1
0,0,0,0,0,0,0,1,0,0,0,0,0,1,0,0,0,0,0
0,0,0,0,1,0,1,0,0,0,1,0,0,0,0,0,1,1,0
1,0,0,0,0,0,0,0,0,0,0,0,0,0,1,0,1,0,1
0,0,0,1,1,0,1,0,0,0,1,0,0,0,0,1,0,0,1
0,0,0,0,0,0,1,0,0,0,0,0,1,0,1,0,1,0,0
0,0,0,0,1,0,1,0,0,0,0,0,1,0,0,1,0,1,0
0,0,0,0,0,0,0,1,1,1,0,0,0,1,0,1,0,0,0
1,0,0,0,0,1,0,0,1,0,0,0,0,1,0,0,0,0,0
0,0,0,0,0,1,1,0,0,1,0,1,0,1,0,1,0,0,1
0,0,0,0,0,0,1,1,0,0,0,1,1,0,1,0,0,0,0
1,0,0,0,0,0,0,1,1,0,1,0,0,0,0,0,0,1,0
1,1,0,1,1,0,1,0,0,1,1,1,1,1,1,0,0,0,1
1,0,0,1,0,0,1,1,0,1,1,1,1,1,0,0,0,0,0
1,1,0,0,1,0,1,1,0,1,0,1,1,0,0,0,0,0,0
1,1,0,0,0,1,0,0,0,0,0,1,1,0,0,0,0,0,0
0,0,0,1,0,1,0,0,0,1,0,0,0,0,1,0,1,1,1
0,0,0,0,0,0,0,0,0,0,1,0,0,1,0,0,0,0,1
1,0,0,1,1,0,0,0,1,0,0,0,0,0,0,0,1,1,0
0,0,0,1,1,0,0,1,0,0,1,1,0,0,0,0,0,1,0
0,1,0,0,0,0,0,0,0,0,0,0,0,0,1,0,0,1,1
1,1,0,0,0,1,1,0,1,0,0,0,0,0,1,0,1,1,1
0,0,0,1,0,0,0,1,0,1,0,0,0,1,1,0,0,0,1
1,0,1,1,0,1,0,1,0,1,0,1,0,0,1,0,1,0,1
1,1,1,0,0,1,0,1,1,1,1,0,0,1,1,0,0,0,1
0,0,0,1,1,1,1,0,0,1,0,1,0,0,0,0,0,0,0
1,1,0,1,0,0,0,0,0,0,1,0,0,0,1,0,0,0,0
1,0,0,1,0,0,0,1,0,1,0,0,1,0,0,0,0,0,0
1,0,0,0,0,1,0,1,1,0,0,0,1,0,1,0,1,0,1
1,0,0,0,1,1,0,0,0,0,0,0,0,0,1,1,1,1,0
1,0,0,1,0,0,1,1,0,0,0,0,0,0,1,0,0,0,0
1,1,0,0,0,0,0,1,0,0,0,0,0,0,0,0,0,0,1
1,1,0,0,1,0,1,1,1,0,0,0,1,1,0,1,0,0,0
1,1,0,1,0,0,0,0,1,0,0,0,0,0,1,1,0,0,0
1,1,0,0,0,0,0,1,0,0,0,0,1,1,1,1,0,1,1
0,0,0,0,1,0,0,1,1,0,0,0,0,0,1,0,0,1,0
0,0,0,1,0,0,1,0,1,1,0,0,0,0,0,0,0,0,0
1,0,0,1,0,0,0,0,1,0,0,1,1,0,1,1,1,1,1
0,0,0,0,0,0,0,0,0,1,1,0,0,1,1,0,0,1,1
0,0,0,0,0,0,0,0,0,0,1,0,1,0,1,0,0,0,0
0,0,0,1,1,1,0,1,0,1,1,0,0,0,0,1,0,0,1
1,1,0,0,0,1,0,0,1,1,1,0,0,0,0,0,0,0,0
1,0,0,1,0,0,0,0,0,1,0,0,0,1,0,0,0,0,0
1,1,0,0,0,0,0,0,1,1,0,0,0,1,0,1,1,0,0
0,0,0,0,0,1,1,1,0,0,0,0,1,1,1,0,0,0,0
0,0,0,1,1,1,1,0,0,1,1,1,0,1,0,0,0,0,1
0,0,0,0,0,1,0,0,0,0,0,0,0,1,0,0,1,0,0
0,0,0,0,0,1,1,1,0,1,0,1,0,1,0,0,0,0,0
1,0,0,0,0,0,1,1,0,1,1,0,0,1,0,1,0,1,0
0,0,0,1,0,0,0,0,0,0,1,0,1,1,0,0,0,0,0
1,0,0,0,0,0,0,1,1,0,1,0,0,0,1,0,1,0,0
0,0,0,0,1,1,0,0,0,1,1,0,0,0,0,0,0,0,0
1,0,1,0,1,0,1,0,0,0,0,1,0,1,0,1,0,0,0
1,0,0,0,0,1,0,0,0,0,0,0,1,0,0,1,0,1,1
0,0,0,0,0,1,0,0,1,0,0,0,1,1,1,0,0,0,0
0,0,0,0,0,1,0,0,0,1,0,1,0,1,0,0,0,0,0
1,1,0,0,0,0,0,1,0,0,0,1,1,0,0,0,1,0,0
0,0,0,1,1,1,0,0,1,1,0,0,1,0,0,1,0,0,0
0,0,0,1,0,1,0,1,0,0,0,0,1,0,0,1,0,0,0
0,0,0,0,1,0,1,1,0,1,1,1,1,1,0,0,1,0,1
1,0,0,1,0,0,1,0,0,1,0,0,0,0,1,0,0,0,0
0,0,0,0,1,1,0,1,0,0,0,1,1,1,1,0,0,0,0
1,0,0,1,0,0,0,0,0,1,0,0,0,0,0,0,1,0,1
0,0,0,0,0,1,1,1,0,0,0,0,0,1,0,0,1,1,0
0,0,0,1,0,0,0,0,1,0,0,0,0,1,0,0,0,0,0
0,0,0,0,0,0,1,0,0,0,0,1,1,0,0,0,0,0,0
1,1,0,0,0,0,1,0,1,0,0,1,0,0,0,0,0,0,1
1,0,0,0,0,0,0,0,1,1,0,0,0,0,0,1,1,1,0
1,0,0,1,0,0,0,0,1,0,1,1,0,1,1,0,0,0,1
1,0,0,1,0,0,1,0,0,0,1,0,1,1,1,1,0,1,0
0,0,0,0,0,0,1,0,0,0,1,1,0,0,1,0,1,1,0
0,0,0,0,1,1,0,0,1,1,0,1,0,1,1,0,1,0,0
1,0,0,0,0,0,0,1,0,0,1,0,0,0,1,0,0,0,0
0,0,0,0,0,1,0,0,1,0,0,0,0,1,1,0,0,1,1
1,1,0,1,1,0,1,1,0,1,1,0,0,0,0,0,0,0,0
0,0,0,0,0,0,0,1,1,0,0,1,0,1,0,1,1,0,0
0,0,0,0,0,0,0,1,0,1,0,0,0,1,0,0,1,0,1
1,1,1,1,1,0,0,0,1,0,0,0,0,1,1,1,1,1,1
1,0,0,1,1,0,1,1,0,0,0,1,0,0,0,0,1,0,0
1,0,0,1,0,0,0,1,1,0,0,0,0,0,1,1,1,1,0
0,0,0,0,0,1,1,0,0,0,0,0,1,0,0,1,1,1,0
0,0,0,0,1,0,0,1,0,0,0,1,0,1,0,0,1,0,0
1,0,0,1,0,1,0,0,0,1,0,0,0,1,1,1,1,0,1
0,0,0,0,0,1,0,0,1,1,0,1,1,0,0,0,0,0,1
1,1,1,0,1,1,0,1,0,0,0,1,0,0,0,0,0,1,1
0,0,0,0,0,1,1,0,0,1,1,1,0,1,1,0,0,1,0
0,0,0,0,0,0,0,1,1,1,1,1,1,0,0,0,1,0,0
0,0,0,0,0,0,0,0,0,0,0,0,1,1,1,1,0,0,1
0,0,0,1,1,1,0,0,0,0,1,0,1,0,0,0,0,1,1
0,0,0,0,1,0,0,0,0,0,1,1,0,0,1,1,0,0,0
1,0,0,0,0,1,1,0,0,0,0,0,0,0,1,0,1,0,0
1,0,0,1,0,1,1,1,1,0,0,1,0,1,0,0,1,1,0
1,0,0,1,1,1,1,0,0,1,0,0,0,0,1,0,0,1,1
0,0,0,0,0,1,1,1,0,1,0,0,0,0,1,0,0,1,0
0,0,0,1,1,0,1,1,1,0,0,1,0,0,0,0,0,0,0
0,0,0,0,0,0,1,0,0,1,0,0,1,0,0,0,0,0,0
1,0,0,0,0,0,0,0,0,0,1,0,0,0,0,0,0,1,0
1,0,0,0,0,1,0,1,0,0,1,0,1,0,0,0,0,0,0
0,0,0,0,1,1,0,0,1,1,0,0,0,0,1,1,0,0,0
0,0,0,0,0,0,1,0,0,0,0,1,1,1,0,0,0,0,1
1,1,0,1,1,0,0,0,1,0,0,0,0,0,0,0,1,0,0
0,0,0,1,0,0,0,0,1,1,1,0,0,1,0,0,1,0,1
0,0,0,0,0,0,0,1,0,1,0,1,0,0,0,0,1,0,0
1,0,0,0,0,0,0,1,0,0,0,1,0,0,1,1,0,0,1
0,0,0,0,1,1,0,0,1,0,0,1,0,1,0,0,0,0,0
1,1,0,0,1,0,0,0,1,0,0,1,1,0,0,1,0,1,0
1,1,0,1,0,0,0,0,0,1,1,0,0,0,1,1,1,0,1
1,0,0,0,0,0,1,1,0,1,0,1,1,1,0,0,1,1,1
0,0,0,0,0,0,0,0,1,0,1,1,0,0,0,0,0,1,1
1,1,0,1,0,1,1,1,1,0,1,1,1,0,0,0,0,0,1
0,0,0,0,1,0,0,0,0,1,0,1,0,1,1,0,0,0,0
1,0,0,0,0,1,0,0,1,0,1,0,0,1,0,1,1,0,0
1,1,0,1,1,0,1,1,0,0,0,0,1,1,0,0,1,0,1
1,0,0,0,0,0,0,0,0,0,0,0,1,0,0,1,1,0,0
1,0,0,0,0,0,0,0,1,0,1,0,1,0,0,0,0,0,0
0,0,0,1,0,0,0,1,0,1,0,0,0,1,0,0,0,0,0
0,0,0,1,0,1,1,0,0,1,0,0,1,1,0,1,0,0,1
1,1,0,0,0,0,0,1,0,0,0,0,1,0,1,0,0,0,0
1,1,0,1,0,0,1,0,0,1,1,0,0,0,1,1,1,1,0
1,1,0,0,1,0,0,1,1,0,0,0,0,1,0,0,0,0,0
0,0,0,0,0,0,1,0,0,0,1,0,0,0,0,0,1,0,1
1,0,0,0,0,1,1,0,0,1,0,1,0,0,0,1,0,0,0
0,0,0,1,1,0,0,0,1,1,1,0,0,0,1,0,1,1,0
1,0,0,1,0,0,0,0,1,1,0,0,0,0,0,0,1,0,1
0,0,0,1,1,0,1,1,1,0,1,0,0,0,0,1,0,1,1
0,0,0,0,1,0,1,0,0,1,0,0,0,0,1,0,1,0,1
0,0,0,0,1,1,1,0,0,0,0,0,0,1,0,0,0,0,0
1,1,0,1,1,0,1,1,0,0,0,0,0,1,0,0,0,1,1
1,0,0,0,1,1,1,0,1,1,1,0,0,1,0,1,0,0,0
0,1,0,0,0,1,0,1,0,0,0,0,1,1,0,0,0,1,0
0,0,0,0,1,0,1,0,0,0,0,0,0,0,1,0,0,0,0
1,1,0,0,0,1,0,0,1,0,0,0,0,0,1,0,0,1,0
0,0,0,0,0,0,0,0,0,1,0,1,0,1,0,0,0,0,0
0,0,0,0,0,0,0,0,0,0,0,0,0,1,1,0,0,1,1
0,0,0,0,1,1,1,0,1,0,0,0,0,0,0,0,0,0,1
0,0,0,1,0,0,1,0,0,0,0,1,0,1,1,1,1,0,0
1,1,1,1,0,0,1,0,0,0,0,1,0,1,0,1,1,0,1
0,0,0,0,1,1,0,0,1,1,0,0,0,1,1,0,0,1,0
0,0,0,1,0,1,0,0,0,0,0,1,0,0,0,1,1,0,1
1,1,0,0,0,0,1,0,1,1,0,0,0,0,0,0,1,1,0
1,1,0,0,0,0,0,1,0,1,0,0,0,0,0,0,0,0,0
1,0,0,0,1,1,1,1,1,1,1,0,0,0,1,1,1,1,0
1,0,0,0,1,1,1,1,1,0,0,1,0,1,1,1,1,0,0
